[0m[0m[38;2;50;67;94;48;2;42;60;83m▋[0m[38;2;42;57;79;48;2;50;64;88m▅[0m[38;2;49;66;91;48;2;36;40;60m▘[0m[38;2;36;39;57;48;2;38;41;60m┷[0m[38;2;40;43;62;48;2;47;59;81m▆[0m[38;2;41;43;61;48;2;50;64;87m▆[0m[38;2;43;46;65;48;2;42;43;61m▅[0m[38;2;44;47;66;48;2;42;45;62m▃[0m[38;2;45;48;67;48;2;42;45;64m▂[0m[38;2;44;46;67;48;2;40;42;63m▄[0m[38;2;39;44;64;48;2;42;44;65m╲[0m[38;2;41;46;66;48;2;45;49;68m▖[0m[38;2;46;50;70;48;2;40;47;66m▖[0m[38;2;40;48;69;48;2;43;51;71m▌[0m[38;2;45;53;74;48;2;45;57;81m▋[0m[38;2;58;76;101;48;2;48;59;83m┗[0m[38;2;45;65;89;48;2;42;59;82m▂[0m[38;2;52;72;97;48;2;44;60;83m▝[0m[38;2;55;76;101;48;2;44;59;82m┓[0m[38;2;41;59;87;48;2;35;49;71m▃[0m[38;2;44;59;82;48;2;35;52;75m▝[0m[38;2;45;61;87;48;2;42;56;83m┒[0m[38;2;47;62;91;48;2;43;59;85m╻[0m[38;2;43;59;84;48;2;46;66;94m▃[0m[38;2;48;64;92;48;2;43;59;85m▋[0m[38;2;41;57;83;48;2;45;61;86m▌[0m[38;2;44;56;87;48;2;50;66;94m▖[0m[38;2;48;65;91;48;2;47;63;88m▅[0m[38;2;33;49;71;48;2;41;56;83m▚[0m[38;2;43;57;83;48;2;38;55;77m╲[0m[38;2;48;63;92;48;2;38;53;71m▝[0m[38;2;59;73;102;48;2;40;56;83m╲[0m[38;2;46;61;86;48;2;30;47;67m▖[0m[38;2;31;46;67;48;2;36;48;70m▖[0m[38;2;32;44;64;48;2;41;58;81m▆[0m[38;2;30;41;59;48;2;44;59;82m▄[0m[38;2;39;55;78;48;2;45;61;86m▃[0m[38;2;40;58;82;48;2;49;64;90m▄[0m[38;2;68;82;116;48;2;48;65;94m╲[0m[38;2;48;72;96;48;2;45;65;91m╲[0m[38;2;32;50;75;48;2;41;59;81m╲[0m[38;2;39;57;81;48;2;29;46;70m▍[0m[38;2;28;44;62;48;2;44;65;92m▅[0m[38;2;47;64;90;48;2;55;71;97m▌[0m[38;2;60;75;101;48;2;42;56;83m▖[0m[38;2;35;45;68;48;2;36;46;71m╏[0m[38;2;38;47;67;48;2;35;42;64m╷[0m[38;2;34;35;53;48;2;37;43;61m▗[0m[38;2;30;27;38;48;2;45;57;79m▄[0m[38;2;47;61;77;48;2;41;52;71m▘[0m[38;2;47;54;73;48;2;44;51;70m▎[0m[38;2;79;93;113;48;2;40;53;69m▝[0m[38;2;57;77;90;48;2;32;44;60m▌[0m[38;2;53;78;90;48;2;29;36;54m▘[0m[38;2;29;34;53;48;2;40;61;75m▅[0m
[0m[38;2;41;60;73;48;2;57;79;97m╲[0m[38;2;35;42;62;48;2;39;60;82m▅[0m[38;2;38;45;64;48;2;36;43;62m╲[0m[38;2;39;46;65;48;2;38;45;64m▗[0m[38;2;41;48;67;48;2;41;44;63m▄[0m[38;2;42;45;64;48;2;44;46;66m▋[0m[38;2;44;50;69;48;2;43;45;66m┓[0m[38;2;41;43;64;48;2;46;48;69m╸[0m[38;2;48;49;70;48;2;47;49;69m▃[0m[38;2;48;51;71;48;2;46;48;69m━[0m[38;2;35;45;63;48;2;42;46;66m▝[0m[38;2;38;51;69;48;2;36;47;65m▂[0m[38;2;37;43;64;48;2;43;49;73m▖[0m[38;2;45;51;75;48;2;42;49;73m▄[0m[38;2;41;49;71;48;2;44;54;75m╲[0m[38;2;45;57;79;48;2;51;60;85m▖[0m[38;2;52;72;96;48;2;51;63;89m╵[0m[38;2;52;72;96;48;2;46;66;90m▗[0m[38;2;42;57;83;48;2;49;65;91m▝[0m[38;2;57;77;101;48;2;40;54;81m┗[0m[38;2;50;75;98;48;2;47;60;86m▃[0m[38;2;38;54;77;48;2;44;61;85m▚[0m[38;2;27;36;58;48;2;47;62;90m▂[0m[38;2;30;36;58;48;2;41;57;86m▄[0m[38;2;30;34;55;48;2;49;63;85m▆[0m[38;2;32;35;56;48;2;35;50;72m▄[0m[38;2;38;49;74;48;2;43;60;85m▄[0m[38;2;44;64;91;48;2;44;61;87m▅[0m[38;2;49;65;91;48;2;46;62;88m┗[0m[38;2;49;65;91;48;2;34;49;70m▖[0m[38;2;48;59;84;48;2;25;37;58m▘[0m[38;2;30;41;59;48;2;28;43;64m▋[0m[38;2;31;47;70;48;2;54;68;102m▖[0m[38;2;43;62;86;48;2;36;53;69m▃[0m[38;2;36;50;72;48;2;34;49;69m▅[0m[38;2;36;47;67;48;2;32;44;64m▄[0m[38;2;35;47;66;48;2;31;43;66m▃[0m[38;2;38;49;70;48;2;41;57;82m▄[0m[38;2;42;58;84;48;2;37;51;77m▖[0m[38;2;32;48;73;48;2;41;58;81m┺[0m[38;2;56;80;107;48;2;37;54;78m╲[0m[38;2;38;53;79;48;2;43;57;84m▋[0m[38;2;49;62;89;48;2;31;47;73m▖[0m[38;2;47;65;91;48;2;37;50;65m▝[0m[38;2;53;68;95;48;2;38;48;68m▋[0m[38;2;34;37;53;48;2;37;49;70m▄[0m[38;2;47;56;84;48;2;36;46;72m╲[0m[38;2;34;48;69;48;2;34;41;57m▎[0m[38;2;29;32;45;48;2;27;26;39m▃[0m[38;2;31;30;43;48;2;29;28;41m▃[0m[38;2;27;23;32;48;2;45;53;72m▄[0m[38;2;37;47;64;48;2;39;49;70m┕[0m[38;2;48;61;76;48;2;38;52;70m┑[0m[38;2;46;56;74;48;2;31;38;57m▖[0m[38;2;27;24;38;48;2;31;36;56m▂[0m
[0m[38;2;55;82;94;48;2;77;106;121m╲[0m[38;2;28;44;62;48;2;60;83;97m▝[0m[38;2;40;48;73;48;2;38;45;63m▂[0m[38;2;40;46;68;48;2;40;47;66m▂[0m[38;2;43;49;69;48;2;42;49;67m▁[0m[38;2;44;50;71;48;2;43;50;69m▃[0m[38;2;46;52;74;48;2;43;49;70m▄[0m[38;2;44;49;72;48;2;46;51;71m▋[0m[38;2;45;50;73;48;2;49;51;72m▃[0m[38;2;51;52;73;48;2;49;52;72m┹[0m[38;2;55;55;78;48;2;46;52;73m▂[0m[38;2;44;52;76;48;2;39;52;72m▅[0m[38;2;43;56;75;48;2;39;50;70m▅[0m[38;2;43;54;75;48;2;30;38;58m▄[0m[38;2;30;37;55;48;2;48;53;77m▅[0m[38;2;36;43;64;48;2;38;49;71m▃[0m[38;2;51;65;91;48;2;35;46;68m▝[0m[38;2;41;52;78;48;2;49;66;92m▂[0m[38;2;56;76;99;48;2;55;71;97m┗[0m[38;2;62;76;102;48;2;45;62;87m▄[0m[38;2;37;53;76;48;2;51;66;96m╲[0m[38;2;63;83;110;48;2;55;68;95m▚[0m[38;2;57;76;101;48;2;33;41;62m▖[0m[38;2;34;41;61;48;2;34;40;59m▂[0m[38;2;36;41;61;48;2;35;40;60m▖[0m[38;2;35;40;60;48;2;33;38;58m▁[0m[38;2;33;42;62;48;2;33;38;58m▝[0m[38;2;37;44;63;48;2;41;55;77m▄[0m[38;2;45;54;74;48;2;50;70;95m▄[0m[38;2;51;68;94;48;2;39;56;78m┗[0m[38;2;38;50;71;48;2;37;44;63m┛[0m[38;2;34;41;64;48;2;31;42;59m▄[0m[38;2;33;46;63;48;2;34;51;72m▌[0m[38;2;68;83;117;48;2;40;56;81m┕[0m[38;2;55;72;96;48;2;39;55;76m▖[0m[38;2;43;58;79;48;2;37;49;72m┖[0m[38;2;45;61;86;48;2;32;46;70m▖[0m[38;2;33;44;66;48;2;37;48;70m╶[0m[38;2;38;50;72;48;2;40;52;77m▌[0m[38;2;36;50;76;48;2;41;53;78m▘[0m[38;2;43;58;85;48;2;39;53;80m┒[0m[38;2;39;46;64;48;2;39;54;78m▃[0m[38;2;53;63;96;48;2;39;45;64m▝[0m[38;2;39;54;80;48;2;39;45;67m▎[0m[38;2;42;57;84;48;2;37;47;67m▝[0m[38;2;32;35;52;48;2;35;37;51m▌[0m[38;2;36;36;55;48;2;39;41;56m╲[0m[38;2;48;58;84;48;2;34;41;59m▊[0m[38;2;29;28;37;48;2;29;39;53m▃[0m[38;2;32;35;49;48;2;33;32;46m▖[0m[38;2;27;24;34;48;2;28;26;39m▝[0m[38;2;28;24;37;48;2;31;29;40m╺[0m[38;2;27;25;40;48;2;40;42;62m▄[0m[38;2;54;66;85;48;2;37;39;52m╵[0m[38;2;26;24;35;48;2;28;24;38m┗[0m
[0m[38;2;63;89;109;48;2;74;103;122m▆[0m[38;2;48;78;99;48;2;67;92;108m▝[0m[38;2;34;39;58;48;2;48;74;93m┒[0m[38;2;42;56;80;48;2;43;50;70m┑[0m[38;2;31;40;54;48;2;43;49;72m▅[0m[38;2;47;53;78;48;2;44;52;73m┯[0m[38;2;52;59;83;48;2;47;55;77m▂[0m[38;2;50;57;81;48;2;48;53;76m▅[0m[38;2;53;59;82;48;2;47;53;74m▖[0m[38;2;50;56;77;48;2;47;53;75m▗[0m[38;2;49;55;79;48;2;52;57;77m▄[0m[38;2;55;61;83;48;2;50;55;76m▄[0m[38;2;50;59;84;48;2;47;59;85m▄[0m[38;2;47;61;88;48;2;46;59;78m▄[0m[38;2;31;38;59;48;2;48;60;79m▝[0m[38;2;31;42;63;48;2;29;37;55m▃[0m[38;2;38;45;67;48;2;32;39;60m▝[0m[38;2;34;45;59;48;2;34;47;66m▘[0m[38;2;50;66;88;48;2;35;47;69m▝[0m[38;2;33;50;77;48;2;57;74;101m▖[0m[38;2;55;70;98;48;2;58;78;106m▝[0m[38;2;58;75;101;48;2;44;59;85m▖[0m[38;2;63;88;116;48;2;44;54;81m▚[0m[38;2;39;53;78;48;2;34;42;62m▃[0m[38;2;38;46;69;48;2;37;42;62m▃[0m[38;2;35;41;63;48;2;34;40;60m▄[0m[38;2;35;40;62;48;2;33;38;58m▅[0m[38;2;33;38;59;48;2;36;41;61m▌[0m[38;2;34;39;59;48;2;36;42;61m┿[0m[38;2;33;34;54;48;2;29;32;51m▄[0m[38;2;37;41;60;48;2;32;35;56m┕[0m[38;2;37;44;63;48;2;35;42;61m▝[0m[38;2;37;42;65;48;2;39;46;66m╲[0m[38;2;40;51;71;48;2;42;58;81m▌[0m[38;2;56;72;98;48;2;46;62;88m▝[0m[38;2;36;52;69;48;2;54;70;96m▝[0m[38;2;33;37;61;48;2;41;56;80m┒[0m[38;2;39;51;75;48;2;35;47;71m▄[0m[38;2;40;55;79;48;2;35;46;71m╲[0m[38;2;35;47;69;48;2;43;54;79m▖[0m[38;2;39;55;81;48;2;37;46;69m▋[0m[38;2;36;43;62;48;2;39;45;67m╹[0m[38;2;40;46;68;48;2;37;43;65m┓[0m[38;2;40;46;68;48;2;39;46;65m▖[0m[38;2;18;19;35;48;2;37;46;69m▝[0m[38;2;27;25;34;48;2;35;34;53m▅[0m[38;2;34;30;47;48;2;34;38;57m▄[0m[38;2;35;32;49;48;2;33;30;47m▃[0m[38;2;33;31;44;48;2;30;28;41m▃[0m[38;2;28;26;38;48;2;32;30;43m╲[0m[38;2;32;29;46;48;2;30;28;42m▂[0m[38;2;34;32;46;48;2;32;28;43m▖[0m[38;2;30;28;41;48;2;28;26;39m╲[0m[38;2;28;25;39;48;2;35;34;49m▅[0m[38;2;31;27;42;48;2;29;25;40m┑[0m
[0m[38;2;67;94;115;48;2;69;91;115m▚[0m[38;2;52;79;100;48;2;71;89;107m╲[0m[38;2;64;90;107;48;2;65;87;100m▚[0m[38;2;68;94;110;48;2;36;42;64m▖[0m[38;2;40;46;69;48;2;37;44;62m▄[0m[38;2;39;46;65;48;2;31;40;57m▃[0m[38;2;31;41;58;48;2;51;57;83m▅[0m[38;2;35;44;61;48;2;50;56;81m▃[0m[38;2;49;55;79;48;2;53;61;83m▅[0m[38;2;58;66;88;48;2;50;56;79m┑[0m[38;2;50;57;80;48;2;53;59;83m┓[0m[38;2;57;62;83;48;2;50;58;81m▄[0m[38;2;62;68;91;48;2;52;60;84m╺[0m[38;2;39;48;70;48;2;45;56;84m┗[0m[38;2;36;48;69;48;2;50;65;84m▄[0m[38;2;40;51;74;48;2;43;57;84m▝[0m[38;2;43;54;82;48;2;36;43;66m▂[0m[38;2;33;44;64;48;2;35;45;67m╇[0m[38;2;33;40;59;48;2;39;46;69m▄[0m[38;2;36;44;68;48;2;37;43;65m╲[0m[38;2;32;45;71;48;2;46;60;92m▄[0m[38;2;48;63;93;48;2;61;77;102m▖[0m[38;2;51;64;95;48;2;43;59;86m▅[0m[38;2;55;72;103;48;2;47;61;88m╹[0m[38;2;46;61;88;48;2;37;51;77m▃[0m[38;2;39;51;76;48;2;41;47;70m▄[0m[38;2;39;44;66;48;2;40;46;71m▝[0m[38;2;42;48;71;48;2;34;40;64m▖[0m[38;2;37;44;64;48;2;29;32;52m▘[0m[38;2;31;33;54;48;2;35;36;56m▇[0m[38;2;34;37;56;48;2;33;36;55m▄[0m[38;2;35;40;60;48;2;32;37;57m▄[0m[38;2;31;37;56;48;2;33;39;59m▚[0m[38;2;36;43;61;48;2;38;47;66m▌[0m[38;2;32;40;59;48;2;51;69;90m▖[0m[38;2;54;72;103;48;2;53;68;98m▝[0m[38;2;35;37;64;48;2;58;78;103m▝[0m[38;2;41;53;77;48;2;35;40;63m▝[0m[38;2;41;53;76;48;2;41;52;73m┪[0m[38;2;31;34;50;48;2;40;52;71m▅[0m[38;2;31;36;55;48;2;42;48;70m▃[0m[38;2;30;35;55;48;2;40;47;70m▖[0m[38;2;45;51;79;48;2;39;47;70m▖[0m[38;2;38;46;69;48;2;41;49;72m▘[0m[38;2;42;50;72;48;2;45;53;78m▉[0m[38;2;47;53;78;48;2;26;25;35m▖[0m[38;2;29;23;33;48;2;28;24;36m▏[0m[38;2;29;26;40;48;2;33;31;49m▖[0m[38;2;35;32;49;48;2;34;32;46m▅[0m[38;2;35;32;49;48;2;33;30;47m [0m[38;2;30;28;42;48;2;34;32;46m▗[0m[38;2;38;36;49;48;2;33;30;46m▝[0m[38;2;32;29;45;48;2;28;26;41m▄[0m[38;2;33;31;44;48;2;31;27;42m▄[0m[38;2;31;28;41;48;2;28;26;38m▊[0m
[0m[38;2;63;83;103;48;2;68;94;115m▄[0m[38;2;49;72;95;48;2;71;95;117m▁[0m[38;2;71;90;111;48;2;48;65;87m▏[0m[38;2;49;56;75;48;2;70;93;106m▄[0m[38;2;61;86;101;48;2;43;49;73m▅[0m[38;2;44;50;76;48;2;44;49;73m▏[0m[38;2;43;51;74;48;2;37;45;67m▅[0m[38;2;43;51;73;48;2;33;44;63m▂[0m[38;2;41;47;69;48;2;36;45;62m▝[0m[38;2;41;48;67;48;2;50;57;82m▖[0m[38;2;53;59;83;48;2;53;60;87m▖[0m[38;2;46;54;75;48;2;50;61;82m┗[0m[38;2;48;54;77;48;2;61;67;88m▃[0m[38;2;55;68;86;48;2;53;63;89m▝[0m[38;2;55;69;90;48;2;46;54;81m▅[0m[38;2;52;60;85;48;2;42;54;74m▂[0m[38;2;42;51;72;48;2;50;60;87m▖[0m[38;2;47;65;90;48;2;43;49;72m▖[0m[38;2;39;51;76;48;2;36;48;70m▄[0m[38;2;34;45;66;48;2;34;42;60m▂[0m[38;2;35;43;62;48;2;40;48;71m▃[0m[38;2;51;66;93;48;2;40;52;73m▝[0m[38;2;46;60;87;48;2;56;71;103m▄[0m[38;2;53;69;95;48;2;44;59;89m┑[0m[38;2;48;65;90;48;2;46;62;87m▝[0m[38;2;41;55;81;48;2;50;67;93m▝[0m[38;2;29;47;63;48;2;42;53;82m▝[0m[38;2;30;46;69;48;2;40;47;75m┑[0m[38;2;45;52;80;48;2;30;37;56m▖[0m[38;2;33;39;61;48;2;33;35;56m▄[0m[38;2;38;39;63;48;2;36;38;59m▂[0m[38;2;37;41;63;48;2;36;42;61m▄[0m[38;2;40;46;69;48;2;37;42;63m▗[0m[38;2;38;44;68;48;2;34;40;62m▂[0m[38;2;41;49;66;48;2;36;42;62m╲[0m[38;2;58;75;99;48;2;38;44;66m▝[0m[38;2;41;47;71;48;2;58;71;95m▆[0m[38;2;31;35;57;48;2;42;48;69m▝[0m[38;2;33;38;58;48;2;37;43;65m▖[0m[38;2;30;35;54;48;2;28;34;51m▄[0m[38;2;30;35;54;48;2;30;37;56m▋[0m[38;2;32;41;59;48;2;30;37;55m▖[0m[38;2;49;56;82;48;2;34;41;59m▝[0m[38;2;51;59;81;48;2;46;54;77m▅[0m[38;2;50;57;83;48;2;44;52;74m▖[0m[38;2;38;44;64;48;2;51;56;76m▃[0m[38;2;45;43;78;48;2;28;28;40m▖[0m[38;2;33;28;39;48;2;30;26;40m┫[0m[38;2;31;29;43;48;2;35;33;47m▅[0m[38;2;34;32;46;48;2;35;33;47m▌[0m[38;2;35;33;46;48;2;32;30;44m▋[0m[38;2;31;29;43;48;2;32;29;46m▘[0m[38;2;34;31;48;48;2;32;30;43m▊[0m[38;2;32;30;44;48;2;31;29;43m▂[0m[38;2;32;29;44;48;2;34;32;45m▅[0m
[0m[38;2;38;53;78;48;2;66;87;103m▃[0m[38;2;38;54;78;48;2;52;64;87m▄[0m[38;2;53;69;94;48;2;49;63;89m╼[0m[38;2;51;67;92;48;2;41;56;78m▖[0m[38;2;57;76;92;48;2;46;58;81m▝[0m[38;2;64;85;102;48;2;47;61;86m▚[0m[38;2;65;86;107;48;2;39;50;76m▖[0m[38;2;51;57;83;48;2;45;51;77m┗[0m[38;2;48;55;82;48;2;40;51;70m▄[0m[38;2;42;55;75;48;2;40;49;67m▂[0m[38;2;42;53;71;48;2;49;57;79m▅[0m[38;2;49;56;82;48;2;52;63;84m▊[0m[38;2;54;64;90;48;2;50;60;86m▗[0m[38;2;52;61;86;48;2;50;56;79m▃[0m[38;2;49;56;78;48;2;51;65;92m▖[0m[38;2;55;65;90;48;2;56;69;95m▝[0m[38;2;56;67;92;48;2;47;54;78m▄[0m[38;2;41;54;72;48;2;44;56;80m┯[0m[38;2;49;65;90;48;2;47;57;81m┭[0m[38;2;46;57;84;48;2;38;50;74m▅[0m[38;2;39;51;73;48;2;35;47;66m▖[0m[38;2;33;43;59;48;2;37;45;63m╲[0m[38;2;37;47;68;48;2;34;49;73m▆[0m[38;2;34;46;69;48;2;36;49;73m▌[0m[38;2;34;48;74;48;2;49;64;93m▖[0m[38;2;45;61;86;48;2;48;65;93m▚[0m[38;2;56;73;101;48;2;46;62;88m┗[0m[38;2;47;64;90;48;2;39;56;82m▄[0m[38;2;31;45;66;48;2;39;51;76m▖[0m[38;2;36;46;66;48;2;34;40;62m▄[0m[38;2;35;41;63;48;2;38;43;65m▘[0m[38;2;41;46;68;48;2;40;45;66m┏[0m[38;2;43;47;72;48;2;39;45;69m╲[0m[38;2;45;52;73;48;2;40;46;71m┡[0m[38;2;23;21;35;48;2;36;42;66m▅[0m[38;2;27;25;36;48;2;45;52;72m▃[0m[38;2;29;31;49;48;2;41;47;72m▂[0m[38;2;33;38;58;48;2;42;48;72m▅[0m[38;2;32;37;59;48;2;34;40;61m▖[0m[38;2;29;35;50;48;2;32;37;56m▃[0m[38;2;29;35;51;48;2;33;38;58m▃[0m[38;2;35;42;60;48;2;34;41;60m┏[0m[38;2;36;44;65;48;2;34;41;60m▅[0m[38;2;53;64;90;48;2;33;40;63m▝[0m[38;2;47;58;85;48;2;52;59;85m╺[0m[38;2;52;58;85;48;2;42;53;72m▍[0m[38;2;29;32;53;48;2;35;47;69m▝[0m[38;2;34;37;57;48;2;33;32;46m▖[0m[38;2;34;32;46;48;2;31;29;43m▄[0m[38;2;31;29;43;48;2;33;31;45m╲[0m[38;2;33;30;47;48;2;34;31;48m▋[0m[38;2;36;33;50;48;2;34;31;48m▃[0m[38;2;35;32;49;48;2;34;31;48m▏[0m[38;2;37;35;48;48;2;34;32;47m▗[0m[38;2;34;31;48;48;2;33;31;45m▆[0m
[0m[38;2;41;57;81;48;2;38;54;78m▁[0m[38;2;40;54;79;48;2;42;57;80m▋[0m[38;2;45;59;85;48;2;42;58;81m▃[0m[38;2;46;61;85;48;2;52;66;92m▄[0m[38;2;54;68;94;48;2;40;56;79m▄[0m[38;2;48;61;87;48;2;42;58;81m▝[0m[38;2;47;62;88;48;2;58;76;95m▄[0m[38;2;63;80;101;48;2;52;58;84m▅[0m[38;2;50;60;89;48;2;43;54;81m▂[0m[38;2;50;60;87;48;2;43;58;79m╲[0m[38;2;49;59;84;48;2;41;54;74m▄[0m[38;2;43;56;74;48;2;42;50;71m▅[0m[38;2;41;53;74;48;2;56;63;90m▅[0m[38;2;29;44;61;48;2;54;66;90m▃[0m[38;2;55;66;90;48;2;47;60;84m▄[0m[38;2;61;73;101;48;2;52;63;85m▝[0m[38;2;50;57;78;48;2;54;68;94m▖[0m[38;2;55;73;95;48;2;49;57;80m▖[0m[38;2;46;56;84;48;2;42;54;74m▄[0m[38;2;44;56;75;48;2;51;63;89m▄[0m[38;2;41;56;82;48;2;53;64;92m▝[0m[38;2;46;61;87;48;2;34;46;69m▖[0m[38;2;35;43;60;48;2;35;46;66m▚[0m[38;2;36;49;68;48;2;40;53;71m▖[0m[38;2;44;56;79;48;2;36;50;76m╲[0m[38;2;37;53;79;48;2;49;66;92m▃[0m[38;2;31;43;60;48;2;38;58;88m▗[0m[38;2;37;53;79;48;2;39;59;90m▖[0m[38;2;40;61;95;48;2;26;38;59m▍[0m[38;2;30;36;56;48;2;40;49;75m▄[0m[38;2;44;51;75;48;2;41;47;70m▗[0m[38;2;43;49;74;48;2;42;48;71m▅[0m[38;2;33;39;63;48;2;43;49;73m╲[0m[38;2;42;50;78;48;2;26;25;36m▍[0m[38;2;27;27;38;48;2;26;24;37m▃[0m[38;2;29;28;42;48;2;28;26;39m▗[0m[38;2;30;29;42;48;2;28;27;42m▄[0m[38;2;31;33;48;48;2;35;39;57m▇[0m[38;2;33;35;50;48;2;36;41;61m▖[0m[38;2;33;37;51;48;2;31;37;53m┗[0m[38;2;33;36;54;48;2;32;34;52m▆[0m[38;2;34;39;58;48;2;32;38;56m▄[0m[38;2;34;41;59;48;2;32;37;57m▃[0m[38;2;35;40;60;48;2;36;43;62m▋[0m[38;2;35;42;62;48;2;38;50;72m▆[0m[38;2;37;39;60;48;2;42;49;71m▆[0m[38;2;38;40;61;48;2;38;49;74m▄[0m[38;2;45;47;69;48;2;39;41;64m╍[0m[38;2;42;43;67;48;2;32;35;50m▖[0m[38;2;33;35;50;48;2;33;33;45m▅[0m[38;2;30;29;42;48;2;33;31;47m╲[0m[38;2;33;31;44;48;2;36;33;50m▂[0m[38;2;37;34;51;48;2;36;33;50m▅[0m[38;2;37;34;51;48;2;37;34;51m [0m[38;2;38;35;52;48;2;38;35;54m▍[0m
[0m[38;2;31;46;67;48;2;43;57;83m▖[0m[38;2;47;61;86;48;2;40;56;82m▅[0m[38;2;41;58;84;48;2;44;61;87m┪[0m[38;2;48;64;89;48;2;47;63;88m┌[0m[38;2;48;64;87;48;2;51;67;92m▍[0m[38;2;61;75;102;48;2;54;70;93m╲[0m[38;2;58;74;99;48;2;46;62;85m▖[0m[38;2;47;61;88;48;2;51;64;92m▌[0m[38;2;52;66;92;48;2;55;70;95m▄[0m[38;2;54;68;99;48;2;49;62;89m▄[0m[38;2;46;60;85;48;2;53;64;90m▚[0m[38;2;53;65;92;48;2;47;59;83m▅[0m[38;2;48;62;88;48;2;43;54;75m▖[0m[38;2;39;52;78;48;2;31;44;65m▅[0m[38;2;54;67;91;48;2;31;41;63m▝[0m[38;2;44;53;78;48;2;56;72;96m▖[0m[38;2;58;73;97;48;2;53;59;80m▃[0m[38;2;52;60;81;48;2;55;63;83m┈[0m[38;2;63;76;98;48;2;56;64;83m╸[0m[38;2;52;62;88;48;2;46;57;77m╲[0m[38;2;52;61;89;48;2;43;53;73m▖[0m[38;2;47;56;75;48;2;56;71;97m▖[0m[38;2;51;67;93;48;2;37;54;75m▃[0m[38;2;37;51;71;48;2;35;46;64m▁[0m[38;2;38;49;68;48;2;35;44;65m▚[0m[38;2;30;35;59;48;2;28;35;53m▃[0m[38;2;29;36;53;48;2;41;56;79m▖[0m[38;2;41;61;86;48;2;29;43;66m▖[0m[38;2;38;46;65;48;2;38;59;84m▖[0m[38;2;41;62;89;48;2;29;44;64m▖[0m[38;2;31;36;56;48;2;36;42;66m╲[0m[38;2;32;37;59;48;2;42;49;73m▖[0m[38;2;36;41;61;48;2;46;51;79m▄[0m[38;2;34;42;64;48;2;22;22;39m▘[0m[38;2;24;23;36;48;2;27;27;36m┳[0m[38;2;27;28;41;48;2;31;28;42m▍[0m[38;2;29;28;42;48;2;32;29;46m▖[0m[38;2;33;32;46;48;2;35;34;50m▘[0m[38;2;37;38;56;48;2;35;36;53m▗[0m[38;2;38;39;57;48;2;36;40;57m▃[0m[38;2;31;37;53;48;2;36;39;56m▚[0m[38;2;37;40;57;48;2;39;42;61m▌[0m[38;2;38;43;62;48;2;36;43;61m▅[0m[38;2;39;46;64;48;2;37;43;64m╻[0m[38;2;42;45;67;48;2;38;43;63m▄[0m[38;2;32;37;56;48;2;36;41;61m┑[0m[38;2;39;43;63;48;2;38;41;60m▘[0m[38;2;40;42;63;48;2;42;44;65m▌[0m[38;2;46;48;71;48;2;44;46;69m┝[0m[38;2;39;45;67;48;2;34;39;59m▄[0m[38;2;37;41;57;48;2;36;37;50m▅[0m[38;2;37;39;53;48;2;32;30;44m▖[0m[38;2;32;29;45;48;2;34;32;46m▅[0m[38;2;37;34;51;48;2;34;31;48m▚[0m[38;2;38;35;55;48;2;36;33;52m┌[0m
[0m[38;2;34;52;75;48;2;34;52;66m▄[0m[38;2;51;67;90;48;2;36;56;70m▝[0m[38;2;51;67;93;48;2;47;65;89m▚[0m[38;2;36;56;81;48;2;44;61;87m╲[0m[38;2;43;63;88;48;2;35;53;77m▖[0m[38;2;36;54;78;48;2;53;70;95m▄[0m[38;2;51;70;96;48;2;59;75;101m▃[0m[38;2;46;65;90;48;2;61;76;104m▝[0m[38;2;44;62;86;48;2;52;68;94m┓[0m[38;2;60;76;106;48;2;55;70;97m▝[0m[38;2;65;80;109;48;2;61;75;102m▗[0m[38;2;65;80;106;48;2;52;70;92m▃[0m[38;2;53;70;90;48;2;52;69;92m┄[0m[38;2;38;56;80;48;2;51;67;93m╲[0m[38;2;37;53;73;48;2;43;59;85m▝[0m[38;2;29;37;58;48;2;35;51;72m┗[0m[38;2;30;36;57;48;2;60;75;99m▖[0m[38;2;57;68;90;48;2;62;76;101m▝[0m[38;2;63;75;100;48;2;56;64;88m▖[0m[38;2;59;69;88;48;2;54;67;83m▖[0m[38;2;47;53;72;48;2;52;63;89m╲[0m[38;2;54;70;93;48;2;47;58;78m▄[0m[38;2;44;59;79;48;2;55;70;97m▄[0m[38;2;36;52;74;48;2;56;73;99m▝[0m[38;2;25;33;55;48;2;39;57;72m▝[0m[38;2;30;32;45;48;2;31;36;58m▃[0m[38;2;32;39;58;48;2;29;34;55m▘[0m[38;2;31;38;56;48;2;40;52;74m▆[0m[38;2;43;54;74;48;2;39;47;68m╾[0m[38;2;37;45;65;48;2;48;67;91m▖[0m[38;2;47;68;106;48;2;35;46;71m▖[0m[38;2;42;55;74;48;2;34;41;60m▖[0m[38;2;40;45;66;48;2;39;44;63m╲[0m[38;2;38;44;65;48;2;24;28;43m▖[0m[38;2;33;31;47;48;2;32;30;44m▃[0m[38;2;34;32;48;48;2;28;26;39m▖[0m[38;2;30;28;41;48;2;29;27;41m▇[0m[38;2;34;33;48;48;2;30;29;43m▝[0m[38;2;34;32;48;48;2;38;37;55m▃[0m[38;2;35;38;57;48;2;36;39;57m┩[0m[38;2;41;44;63;48;2;39;42;61m┡[0m[38;2;41;46;66;48;2;34;38;57m▖[0m[38;2;34;39;59;48;2;37;40;60m╹[0m[38;2;37;39;58;48;2;41;48;67m▄[0m[38;2;36;37;54;48;2;42;47;68m▂[0m[38;2;34;39;59;48;2;41;47;69m▝[0m[38;2;37;43;62;48;2;39;46;64m▋[0m[38;2;42;47;67;48;2;40;45;64m▃[0m[38;2;42;47;67;48;2;47;49;69m▌[0m[38;2;47;52;72;48;2;40;45;68m▖[0m[38;2;46;50;72;48;2;40;45;64m▃[0m[38;2;38;39;53;48;2;40;44;62m▝[0m[38;2;33;31;45;48;2;35;33;49m▝[0m[38;2;32;28;45;48;2;31;29;43m▂[0m[38;2;39;36;55;48;2;35;32;48m▝[0m
[0m[38;2;51;67;90;48;2;44;62;87m▄[0m[38;2;46;66;91;48;2;40;61;80m▃[0m[38;2;40;61;80;48;2;38;55;73m▄[0m[38;2;40;57;74;48;2;47;62;90m▃[0m[38;2;36;57;81;48;2;51;68;94m┗[0m[38;2;49;71;95;48;2;41;62;86m┑[0m[38;2;44;62;86;48;2;40;58;82m▃[0m[38;2;42;60;84;48;2;55;75;102m▃[0m[38;2;52;72;96;48;2;55;73;97m┭[0m[38;2;49;67;91;48;2;56;74;98m┗[0m[38;2;50;72;94;48;2;60;77;102m▖[0m[38;2;63;79;105;48;2;71;85;114m▄[0m[38;2;72;88;115;48;2;61;78;103m▅[0m[38;2;66;84;108;48;2;53;69;89m▖[0m[38;2;51;68;91;48;2;38;57;81m▄[0m[38;2;38;53;76;48;2;39;55;81m╲[0m[38;2;33;39;58;48;2;40;55;78m▝[0m[38;2;56;72;95;48;2;27;43;63m▝[0m[38;2;52;69;95;48;2;68;79;107m▄[0m[38;2;57;70;96;48;2;56;68;88m╎[0m[38;2;41;56;77;48;2;51;65;88m▗[0m[38;2;50;65;87;48;2;54;69;93m▘[0m[38;2;55;69;95;48;2;44;60;83m▖[0m[38;2;62;78;104;48;2;42;58;79m▝[0m[38;2;64;81;109;48;2;45;61;84m▚[0m[38;2;54;72;97;48;2;35;33;49m▖[0m[38;2;33;35;49;48;2;29;34;54m▖[0m[38;2;29;34;54;48;2;33;38;57m▖[0m[38;2;33;40;59;48;2;36;42;64m▌[0m[38;2;42;50;71;48;2;39;46;67m▗[0m[38;2;45;70;101;48;2;42;46;73m▝[0m[38;2;28;26;44;48;2;38;50;75m┑[0m[38;2;27;31;50;48;2;40;44;64m▁[0m[38;2;33;35;49;48;2;37;42;63m▄[0m[38;2;33;35;48;48;2;33;36;51m▍[0m[38;2;34;35;54;48;2;35;34;52m▅[0m[38;2;25;24;40;48;2;27;25;39m▎[0m[38;2;28;25;41;48;2;30;28;41m▖[0m[38;2;30;28;42;48;2;31;29;43m▘[0m[38;2;33;35;49;48;2;30;30;42m▝[0m[38;2;34;33;47;48;2;39;41;61m▃[0m[38;2;43;48;68;48;2;42;44;67m▝[0m[38;2;44;50;69;48;2;38;44;63m▄[0m[38;2;36;40;56;48;2;31;37;55m▋[0m[38;2;32;37;56;48;2;32;36;57m▂[0m[38;2;29;18;27;48;2;38;42;63m▅[0m[38;2;20;14;20;48;2;42;48;67m▄[0m[38;2;37;49;68;48;2;40;47;66m┣[0m[38;2;32;25;33;48;2;41;50;69m▃[0m[38;2;39;38;52;48;2;48;53;74m▄[0m[38;2;35;37;53;48;2;46;51;76m▄[0m[38;2;50;56;78;48;2;41;46;66m▘[0m[38;2;37;38;56;48;2;45;49;68m▝[0m[38;2;38;39;57;48;2;36;32;49m▅[0m[38;2;37;35;48;48;2;32;31;44m▂[0m
[0m[38;2;53;70;98;48;2;49;65;91m▄[0m[38;2;55;73;101;48;2;52;69;93m▝[0m[38;2;43;63;83;48;2;54;74;101m▝[0m[38;2;41;63;84;48;2;39;57;76m▄[0m[38;2;53;71;95;48;2;39;56;75m▝[0m[38;2;58;75;101;48;2;40;61;85m╲[0m[38;2;31;47;70;48;2;41;61;87m▂[0m[38;2;38;60;84;48;2;45;62;88m▖[0m[38;2;38;55;74;48;2;45;63;88m▗[0m[38;2;46;63;87;48;2;59;80;102m▖[0m[38;2;59;76;98;48;2;58;78;103m┐[0m[38;2;64;81;105;48;2;57;75;99m▝[0m[38;2;66;82;104;48;2;72;87;118m▆[0m[38;2;39;58;77;48;2;74;89;117m▃[0m[38;2;76;92;117;48;2;56;73;93m▄[0m[38;2;33;61;84;48;2;54;69;92m▝[0m[38;2;38;64;86;48;2;32;40;66m▖[0m[38;2;36;41;63;48;2;34;46;68m▄[0m[38;2;37;44;66;48;2;42;48;72m▚[0m[38;2;57;73;99;48;2;43;47;76m▚[0m[38;2;61;77;101;48;2;43;61;82m┕[0m[38;2;41;57;78;48;2;57;74;93m▚[0m[38;2;46;62;86;48;2;62;77;100m▖[0m[38;2;61;75;102;48;2;50;67;93m▃[0m[38;2;29;36;55;48;2;47;63;85m▗[0m[38;2;36;43;65;48;2;72;83;111m▄[0m[38;2;41;62;85;48;2;37;39;53m▄[0m[38;2;37;39;55;48;2;34;39;56m┭[0m[38;2;35;40;59;48;2;35;40;61m▏[0m[38;2;38;44;66;48;2;40;47;70m▊[0m[38;2;47;51;75;48;2;43;49;75m╳[0m[38;2;44;55;81;48;2;45;51;77m╄[0m[38;2;50;57;86;48;2;32;35;50m▖[0m[38;2;31;32;52;48;2;32;35;54m▘[0m[38;2;35;37;57;48;2;34;35;53m▅[0m[38;2;37;40;59;48;2;34;37;54m▖[0m[38;2;32;30;49;48;2;30;26;42m▅[0m[38;2;33;30;47;48;2;31;28;44m▃[0m[38;2;29;23;35;48;2;33;31;44m▅[0m[38;2;31;23;38;48;2;32;30;47m▃[0m[38;2;31;30;43;48;2;32;32;46m▌[0m[38;2;30;30;46;48;2;37;39;57m▅[0m[38;2;30;23;35;48;2;46;47;70m▂[0m[38;2;48;52;77;48;2;36;43;61m▄[0m[38;2;38;43;62;48;2;38;38;58m╲[0m[38;2;29;19;31;48;2;36;34;47m▝[0m[38;2;31;23;36;48;2;28;18;28m▄[0m[38;2;26;14;23;48;2;23;17;25m▚[0m[38;2;27;16;19;48;2;33;28;37m▆[0m[38;2;25;15;19;48;2;33;23;37m▂[0m[38;2;36;29;41;48;2;37;39;52m▇[0m[38;2;33;31;44;48;2;38;42;57m▄[0m[38;2;26;24;37;48;2;42;47;71m▄[0m[38;2;31;24;30;48;2;43;45;65m▃[0m[38;2;46;47;64;48;2;35;39;51m╸[0m
[0m[38;2;57;74;102;48;2;56;73;100m▅[0m[38;2;60;77;103;48;2;56;73;100m▅[0m[38;2;53;68;94;48;2;55;73;97m╏[0m[38;2;61;81;109;48;2;58;75;98m▚[0m[38;2;61;80;109;48;2;41;64;84m▖[0m[38;2;42;62;80;48;2;37;54;77m▖[0m[38;2;32;48;71;48;2;34;52;76m▝[0m[38;2;28;43;66;48;2;34;49;72m╲[0m[38;2;29;47;71;48;2;46;62;87m▃[0m[38;2;39;55;75;48;2;39;54;77m┊[0m[38;2;35;54;74;48;2;59;81;101m▅[0m[38;2;32;40;66;48;2;60;81;102m▄[0m[38;2;67;87;108;48;2;61;79;101m╸[0m[38;2;66;83;105;48;2;43;61;81m▊[0m[38;2;41;59;79;48;2;50;67;89m▚[0m[38;2;87;104;130;48;2;58;74;95m╲[0m[38;2;62;80;101;48;2;53;75;96m▂[0m[38;2;50;74;98;48;2;40;47;70m▖[0m[38;2;40;45;68;48;2;38;44;65m▊[0m[38;2;39;48;70;48;2;41;53;76m▅[0m[38;2;59;75;101;48;2;40;56;81m╲[0m[38;2;43;60;79;48;2;49;67;89m╲[0m[38;2;48;64;90;48;2;44;60;81m▄[0m[38;2;45;62;84;48;2;61;80;104m▖[0m[38;2;25;28;49;48;2;65;83;107m▝[0m[38;2;32;36;51;48;2;33;39;58m▚[0m[38;2;58;65;91;48;2;35;39;59m▝[0m[38;2;46;64;89;48;2;35;42;61m▚[0m[38;2;42;47;67;48;2;33;38;59m╲[0m[38;2;34;39;61;48;2;39;44;66m▃[0m[38;2;42;48;70;48;2;44;52;74m▋[0m[38;2;43;49;74;48;2;47;52;79m▝[0m[38;2;48;55;83;48;2;40;47;75m┖[0m[38;2;35;42;61;48;2;32;39;56m▄[0m[38;2;36;42;58;48;2;35;37;58m▄[0m[38;2;40;42;63;48;2;38;41;60m╲[0m[38;2;33;32;50;48;2;41;42;63m▝[0m[38;2;35;35;56;48;2;35;32;51m▂[0m[38;2;38;36;54;48;2;32;19;34m▖[0m[38;2;29;19;27;48;2;33;21;38m▆[0m[38;2;28;15;25;48;2;28;22;36m▅[0m[38;2;25;10;20;48;2;32;23;39m▅[0m[38;2;22;11;20;48;2;34;22;37m▃[0m[38;2;34;23;37;48;2;37;28;41m▄[0m[38;2;36;27;40;48;2;35;28;42m▄[0m[38;2;36;28;41;48;2;33;28;39m▅[0m[38;2;38;32;43;48;2;35;29;41m▗[0m[38;2;34;28;43;48;2;31;19;25m▌[0m[38;2;28;18;26;48;2;26;16;24m▂[0m[38;2;28;18;26;48;2;24;13;22m▄[0m[38;2;30;25;40;48;2;27;17;25m▝[0m[38;2;28;17;26;48;2;34;30;45m▃[0m[38;2;36;31;46;48;2;26;24;35m▍[0m[38;2;29;26;35;48;2;28;26;30m▂[0m[38;2;33;25;33;48;2;32;22;30m▄[0m
[0m[38;2;63;88;110;48;2;58;78;99m▚[0m[38;2;63;81;101;48;2;63;80;104m╴[0m[38;2;64;81;107;48;2;53;70;94m▌[0m[38;2;45;61;87;48;2;55;75;100m▃[0m[38;2;40;56;82;48;2;53;75;98m▗[0m[38;2;48;68;93;48;2;45;61;81m┕[0m[38;2;51;66;89;48;2;39;57;77m▃[0m[38;2;40;58;82;48;2;35;50;73m▃[0m[38;2;30;45;68;48;2;34;50;73m▝[0m[38;2;32;43;68;48;2;33;48;71m▚[0m[38;2;34;45;64;48;2;40;55;81m▅[0m[38;2;37;51;77;48;2;35;47;71m▍[0m[38;2;38;50;74;48;2;36;47;72m╌[0m[38;2;80;98;122;48;2;49;60;81m╲[0m[38;2;38;52;74;48;2;47;65;85m▚[0m[38;2;37;49;72;48;2;44;61;81m▃[0m[38;2;49;68;83;48;2;84;100;128m▄[0m[38;2;51;73;101;48;2;49;73;99m▗[0m[38;2;42;56;81;48;2;40;47;68m▋[0m[38;2;26;24;38;48;2;37;43;63m▅[0m[38;2;32;31;51;48;2;38;50;75m▄[0m[38;2;39;42;68;48;2;55;69;96m▃[0m[38;2;27;27;37;48;2;46;68;94m▗[0m[38;2;52;69;94;48;2;43;59;82m╲[0m[38;2;45;65;86;48;2;61;80;105m▖[0m[38;2;71;88;114;48;2;63;83;108m▚[0m[38;2;34;36;52;48;2;34;37;55m╴[0m[38;2;36;41;62;48;2;40;42;66m▊[0m[38;2;65;74;101;48;2;42;43;66m╲[0m[38;2;40;47;66;48;2;37;42;62m╳[0m[38;2;37;42;63;48;2;43;48;69m▚[0m[38;2;41;47;71;48;2;45;53;77m▆[0m[38;2;37;43;61;48;2;42;48;74m▆[0m[38;2;47;56;78;48;2;38;46;67m▚[0m[38;2;36;44;70;48;2;37;44;63m▃[0m[38;2;45;51;67;48;2;37;43;62m▄[0m[38;2;33;25;40;48;2;36;44;59m▆[0m[38;2;37;32;46;48;2;37;41;59m▃[0m[38;2;31;19;34;48;2;38;32;46m▃[0m[38;2;38;30;43;48;2;31;20;34m╸[0m[38;2;33;20;38;48;2;30;17;29m▖[0m[38;2;32;18;30;48;2;27;14;24m▄[0m[38;2;27;15;25;48;2;27;11;21m▅[0m[38;2;27;15;25;48;2;27;15;24m▝[0m[38;2;29;16;26;48;2;33;22;37m▅[0m[38;2;31;20;29;48;2;36;28;41m▃[0m[38;2;33;24;35;48;2;37;30;41m▅[0m[38;2;38;33;45;48;2;33;27;35m▘[0m[38;2;34;26;38;48;2;33;22;30m▅[0m[38;2;35;25;34;48;2;31;21;29m▃[0m[38;2;34;24;33;48;2;30;20;29m▅[0m[38;2;33;23;32;48;2;30;20;29m▅[0m[38;2;38;32;45;48;2;29;21;29m▝[0m[38;2;31;21;29;48;2;31;27;40m▖[0m[38;2;34;31;42;48;2;31;29;34m▅[0m
[0m[38;2;38;54;77;48;2;39;58;83m▘[0m[38;2;40;58;77;48;2;62;92;112m▃[0m[38;2;44;57;83;48;2;50;68;89m╽[0m[38;2;48;66;90;48;2;42;59;84m▃[0m[38;2;40;56;79;48;2;47;63;88m▖[0m[38;2;41;57;82;48;2;43;59;84m▗[0m[38;2;41;58;80;48;2;47;64;84m╲[0m[38;2;46;58;80;48;2;49;65;91m▂[0m[38;2;50;65;91;48;2;42;57;80m▖[0m[38;2;42;57;80;48;2;36;52;75m▖[0m[38;2;36;48;70;48;2;36;46;66m▆[0m[38;2;32;45;64;48;2;38;50;73m╲[0m[38;2;33;44;68;48;2;38;50;73m▝[0m[38;2;35;48;72;48;2;34;47;69m▁[0m[38;2;31;43;66;48;2;50;68;88m▖[0m[38;2;53;70;88;48;2;40;55;82m▖[0m[38;2;27;33;52;48;2;43;61;77m╲[0m[38;2;54;76;101;48;2;50;68;83m▝[0m[38;2;47;60;78;48;2;51;78;102m▝[0m[38;2;44;58;76;48;2;31;26;43m▖[0m[38;2;26;24;38;48;2;28;26;41m╲[0m[38;2;30;28;42;48;2;33;31;45m▍[0m[38;2;29;28;41;48;2;36;32;50m▃[0m[38;2;27;26;39;48;2;29;27;41m┪[0m[38;2;32;29;45;48;2;43;62;89m▆[0m[38;2;43;52;70;48;2;65;84;109m▄[0m[38;2;75;89;116;48;2;28;34;47m▍[0m[38;2;34;33;47;48;2;37;40;60m▄[0m[38;2;39;42;66;48;2;42;48;72m▅[0m[38;2;46;55;85;48;2;46;54;75m┝[0m[38;2;42;53;77;48;2;42;48;66m▖[0m[38;2;32;32;46;48;2;44;49;67m▃[0m[38;2;36;34;46;48;2;39;46;64m▂[0m[38;2;38;41;54;48;2;41;46;66m╲[0m[38;2;39;45;63;48;2;40;46;72m▅[0m[38;2;43;49;75;48;2;43;49;72m▇[0m[38;2;31;22;38;48;2;55;57;73m▝[0m[38;2;30;26;40;48;2;37;32;46m╲[0m[38;2;31;28;41;48;2;32;22;36m▄[0m[38;2;34;26;38;48;2;32;22;30m▆[0m[38;2;34;26;39;48;2;34;21;35m▃[0m[38;2;30;17;29;48;2;28;14;24m▂[0m[38;2;26;13;21;48;2;33;21;32m▖[0m[38;2;33;20;33;48;2;29;17;27m▄[0m[38;2;32;21;29;48;2;29;17;27m▄[0m[38;2;31;19;29;48;2;32;22;31m▊[0m[38;2;33;21;33;48;2;34;23;35m▘[0m[38;2;35;24;38;48;2;34;24;36m╷[0m[38;2;33;25;38;48;2;36;27;39m▋[0m[38;2;42;32;43;48;2;39;29;40m╷[0m[38;2;41;31;41;48;2;38;28;37m▃[0m[38;2;37;29;40;48;2;35;27;36m▄[0m[38;2;41;30;40;48;2;36;26;35m▅[0m[38;2;36;26;37;48;2;31;21;30m▃[0m[38;2;32;22;31;48;2;37;32;45m▆[0m
[0m[38;2;56;76;100;48;2;48;66;88m▅[0m[38;2;40;58;82;48;2;44;62;83m▝[0m[38;2;41;61;86;48;2;43;62;81m▁[0m[38;2;51;69;93;48;2;45;61;87m▝[0m[38;2;40;56;79;48;2;52;68;94m▝[0m[38;2;34;47;65;48;2;45;60;85m┒[0m[38;2;47;63;88;48;2;38;53;76m▖[0m[38;2;31;38;60;48;2;48;60;85m▖[0m[38;2;43;53;79;48;2;50;60;84m┻[0m[38;2;54;70;96;48;2;47;63;87m┑[0m[38;2;50;66;89;48;2;38;53;76m▖[0m[38;2;44;56;78;48;2;39;50;72m▅[0m[38;2;35;48;66;48;2;37;47;70m▘[0m[38;2;45;57;83;48;2;38;51;76m╲[0m[38;2;37;52;78;48;2;35;47;69m▖[0m[38;2;34;46;68;48;2;58;68;91m▖[0m[38;2;33;44;67;48;2;49;66;94m▝[0m[38;2;47;61;80;48;2;34;36;54m▝[0m[38;2;48;67;87;48;2;52;71;90m▋[0m[38;2;58;78;104;48;2;43;61;85m╲[0m[38;2;46;63;88;48;2;34;29;52m▖[0m[38;2;24;20;34;48;2;27;26;39m┒[0m[38;2;27;24;38;48;2;28;26;39m▉[0m[38;2;32;30;44;48;2;30;26;40m╲[0m[38;2;31;29;43;48;2;30;28;42m▝[0m[38;2;33;30;47;48;2;36;35;51m▌[0m[38;2;38;40;59;48;2;34;38;54m╿[0m[38;2;33;36;55;48;2;33;33;45m▖[0m[38;2;36;40;55;48;2;35;33;47m▝[0m[38;2;39;39;54;48;2;36;35;48m╸[0m[38;2;37;33;47;48;2;46;57;79m▃[0m[38;2;54;60;92;48;2;42;39;53m▖[0m[38;2;36;34;45;48;2;36;34;48m┗[0m[38;2;31;26;42;48;2;38;37;50m▂[0m[38;2;31;30;39;48;2;36;38;54m▆[0m[38;2;30;29;41;48;2;40;47;66m▖[0m[38;2;43;51;70;48;2;50;56;83m▖[0m[38;2;51;55;74;48;2;38;37;49m▌[0m[38;2;37;37;49;48;2;34;32;45m▄[0m[38;2;37;35;48;48;2;32;30;43m▃[0m[38;2;35;31;46;48;2;35;29;43m▄[0m[38;2;37;32;46;48;2;34;26;39m▄[0m[38;2;36;24;34;48;2;30;17;26m▄[0m[38;2;32;22;31;48;2;30;17;27m▂[0m[38;2;31;19;28;48;2;32;20;31m▖[0m[38;2;31;19;28;48;2;34;22;32m [0m[38;2;36;26;37;48;2;34;24;35m┣[0m[38;2;36;27;38;48;2;35;27;40m▋[0m[38;2;36;28;41;48;2;35;27;40m╸[0m[38;2;33;23;34;48;2;37;28;42m▄[0m[38;2;40;32;45;48;2;38;30;43m╌[0m[38;2;41;33;46;48;2;37;30;43m▆[0m[38;2;41;34;47;48;2;37;31;42m▖[0m[38;2;42;34;45;48;2;40;33;43m╲[0m[38;2;40;30;41;48;2;36;25;35m▆[0m
[0m[38;2;43;61;77;48;2;67;83;107m▖[0m[38;2;71;92;109;48;2;59;80;105m▌[0m[38;2;44;62;82;48;2;56;70;92m╲[0m[38;2;52;70;92;48;2;47;65;88m▂[0m[38;2;50;66;91;48;2;54;71;96m▋[0m[38;2;32;49;71;48;2;57;74;100m▝[0m[38;2;46;61;84;48;2;34;41;59m┗[0m[38;2;30;36;56;48;2;42;45;73m▝[0m[38;2;51;62;85;48;2;34;39;59m▝[0m[38;2;37;47;67;48;2;48;61;85m▃[0m[38;2;57;72;95;48;2;51;66;89m┗[0m[38;2;59;76;102;48;2;44;57;82m▖[0m[38;2;47;59;85;48;2;38;49;72m▌[0m[38;2;36;47;68;48;2;37;47;74m╲[0m[38;2;46;61;88;48;2;42;54;78m▚[0m[38;2;46;56;82;48;2;39;50;74m▃[0m[38;2;40;47;68;48;2;52;67;94m▄[0m[38;2;57;72;101;48;2;38;42;67m▖[0m[38;2;36;39;60;48;2;38;44;65m▚[0m[38;2;35;41;60;48;2;54;76;98m▖[0m[38;2;46;54;74;48;2;51;70;95m╲[0m[38;2;39;45;69;48;2;28;23;35m▌[0m[38;2;31;27;41;48;2;30;23;36m▝[0m[38;2;35;31;45;48;2;32;28;43m╷[0m[38;2;35;32;45;48;2;32;29;45m▗[0m[38;2;31;28;45;48;2;34;30;49m▊[0m[38;2;36;34;52;48;2;35;37;57m▋[0m[38;2;36;39;58;48;2;38;32;46m▉[0m[38;2;33;31;45;48;2;37;35;49m▄[0m[38;2;38;36;50;48;2;35;34;48m▅[0m[38;2;38;37;51;48;2;35;36;49m▅[0m[38;2;54;64;93;48;2;39;38;54m▝[0m[38;2;58;63;95;48;2;38;35;58m┓[0m[38;2;38;35;54;48;2;34;32;45m▅[0m[38;2;38;35;55;48;2;30;28;40m▖[0m[38;2;29;28;37;48;2;33;31;41m┭[0m[38;2;43;49;74;48;2;35;33;43m▝[0m[38;2;33;34;46;48;2;57;63;85m▂[0m[38;2;58;66;91;48;2;42;40;54m▄[0m[38;2;43;42;58;48;2;40;39;51m▃[0m[38;2;41;41;53;48;2;38;35;49m▅[0m[38;2;40;39;52;48;2;34;30;45m▆[0m[38;2;38;36;50;48;2;36;31;45m▂[0m[38;2;39;29;42;48;2;37;26;35m▄[0m[38;2;33;25;36;48;2;33;22;31m▄[0m[38;2;34;25;30;48;2;34;23;32m┓[0m[38;2;37;26;43;48;2;34;24;33m▝[0m[38;2;40;28;45;48;2;34;23;36m▅[0m[38;2;38;26;41;48;2;35;25;36m▂[0m[38;2;36;26;37;48;2;34;24;35m▋[0m[38;2;31;23;33;48;2;31;23;34m▚[0m[38;2;32;23;37;48;2;46;37;50m▖[0m[38;2;42;36;50;48;2;38;32;44m▂[0m[38;2;36;29;41;48;2;32;24;36m▖[0m[38;2;39;33;45;48;2;37;28;38m▝[0m
[0m[38;2;60;77;99;48;2;48;63;82m▖[0m[38;2;46;63;78;48;2;71;86;109m▄[0m[38;2;59;86;107;48;2;60;84;111m╱[0m[38;2;51;69;91;48;2;58;78;102m╲[0m[38;2;58;74;99;48;2;52;68;92m▃[0m[38;2;40;56;80;48;2;51;68;93m╲[0m[38;2;45;58;81;48;2;35;46;68m▍[0m[38;2;35;42;60;48;2;37;44;65m▚[0m[38;2;45;51;77;48;2;37;43;65m┓[0m[38;2;38;44;68;48;2;36;43;64m▖[0m[38;2;51;63;89;48;2;39;46;64m▝[0m[38;2;61;75;101;48;2;48;63;90m▝[0m[38;2;46;60;86;48;2;36;51;72m▋[0m[38;2;36;51;72;48;2;37;48;69m▂[0m[38;2;40;52;70;48;2;46;57;77m▋[0m[38;2;30;33;52;48;2;47;60;86m▗[0m[38;2;41;60;89;48;2;44;52;77m┑[0m[38;2;60;75;101;48;2;35;43;64m▝[0m[38;2;45;51;76;48;2;42;48;69m▚[0m[38;2;45;49;74;48;2;38;43;62m▖[0m[38;2;36;44;64;48;2;64;80;103m▃[0m[38;2;71;84;103;48;2;40;49;69m┕[0m[38;2;35;47;67;48;2;31;25;36m▖[0m[38;2;29;21;34;48;2;32;24;37m▚[0m[38;2;33;28;41;48;2;37;35;48m▄[0m[38;2;37;34;51;48;2;30;26;42m▚[0m[38;2;38;35;52;48;2;32;25;36m▝[0m[38;2;29;27;41;48;2;42;42;60m▖[0m[38;2;32;29;36;48;2;38;41;62m▝[0m[38;2;34;28;41;48;2;36;34;47m▄[0m[38;2;38;36;50;48;2;39;38;52m▊[0m[38;2;41;39;50;48;2;42;41;57m▏[0m[38;2;51;45;63;48;2;45;44;58m▝[0m[38;2;57;63;87;48;2;33;32;49m▘[0m[38;2;34;32;45;48;2;35;33;47m┃[0m[38;2;37;35;48;48;2;33;31;46m▄[0m[38;2;35;33;47;48;2;30;28;41m▄[0m[38;2;33;31;43;48;2;34;32;46m┓[0m[38;2;25;24;33;48;2;36;34;46m┗[0m[38;2;29;28;36;48;2;48;49;65m▅[0m[38;2;30;28;39;48;2;45;43;57m▄[0m[38;2;44;42;56;48;2;42;42;54m╎[0m[38;2;48;46;60;48;2;42;42;55m╲[0m[38;2;41;41;54;48;2;37;36;50m▃[0m[38;2;41;38;51;48;2;39;29;40m▅[0m[38;2;41;33;47;48;2;32;26;37m▄[0m[38;2;34;32;44;48;2;34;28;34m▁[0m[38;2;37;28;40;48;2;36;26;35m╲[0m[38;2;34;26;39;48;2;38;29;42m┭[0m[38;2;34;26;39;48;2;39;29;40m▄[0m[38;2;39;28;44;48;2;34;26;37m▅[0m[38;2;38;30;41;48;2;34;26;37m▄[0m[38;2;33;25;36;48;2;39;31;42m┲[0m[38;2;34;26;37;48;2;38;31;46m▆[0m[38;2;33;23;34;48;2;36;28;39m▅[0m
[0m[38;2;43;56;73;48;2;64;81;106m▃[0m[38;2;52;68;89;48;2;49;63;82m▎[0m[38;2;63;83;113;48;2;48;65;81m▝[0m[38;2;58;77;91;48;2;61;86;110m▃[0m[38;2;59;84;118;48;2;61;81;105m┒[0m[38;2;67;87;114;48;2;56;77;98m▖[0m[38;2;57;75;93;48;2;43;59;81m▖[0m[38;2;44;51;71;48;2;40;45;67m▄[0m[38;2;39;47;67;48;2;37;45;67m▁[0m[38;2;43;49;73;48;2;39;45;69m╲[0m[38;2;43;47;70;48;2;39;46;65m▃[0m[38;2;37;43;63;48;2;42;49;69m▚[0m[38;2;49;61;86;48;2;39;54;78m▚[0m[38;2;43;54;78;48;2;37;53;73m▖[0m[38;2;42;54;78;48;2;41;53;75m▆[0m[38;2;49;59;86;48;2;44;57;78m▄[0m[38;2;32;35;51;48;2;32;38;60m▚[0m[38;2;33;39;55;48;2;49;53;81m▖[0m[38;2;46;51;74;48;2;35;41;58m▖[0m[38;2;38;43;63;48;2;47;53;77m▅[0m[38;2;52;58;82;48;2;39;44;62m▖[0m[38;2;41;46;66;48;2;42;48;70m▍[0m[38;2;54;51;74;48;2;28;25;33m▊[0m[38;2;29;19;30;48;2;32;26;38m▝[0m[38;2;32;22;33;48;2;30;20;31m▁[0m[38;2;31;18;28;48;2;32;29;44m▅[0m[38;2;37;33;50;48;2;36;28;43m▚[0m[38;2;41;33;49;48;2;31;23;36m▖[0m[38;2;43;45;65;48;2;34;24;35m▝[0m[38;2;48;49;69;48;2;37;35;50m┒[0m[38;2;33;30;44;48;2;38;29;46m▚[0m[38;2;35;33;46;48;2;43;41;55m▖[0m[38;2;43;40;57;48;2;46;45;61m▌[0m[38;2;45;48;65;48;2;42;41;54m▃[0m[38;2;39;37;53;48;2;37;35;47m▅[0m[38;2;42;37;49;48;2;37;35;48m┗[0m[38;2;43;39;54;48;2;37;33;48m▖[0m[38;2;34;32;45;48;2;42;40;53m▖[0m[38;2;46;44;57;48;2;36;34;47m▖[0m[38;2;38;36;50;48;2;30;28;40m▄[0m[38;2;34;32;43;48;2;32;30;41m╺[0m[38;2;33;31;43;48;2;36;34;47m▋[0m[38;2;39;37;50;48;2;44;43;53m▅[0m[38;2;47;46;60;48;2;40;44;55m▖[0m[38;2;44;43;57;48;2;42;44;57m▄[0m[38;2;46;43;57;48;2;45;39;52m▄[0m[38;2;42;40;54;48;2;36;34;46m▄[0m[38;2;40;36;48;48;2;41;31;41m▃[0m[38;2;42;30;42;48;2;40;32;45m┓[0m[38;2;42;34;47;48;2;38;30;43m▅[0m[38;2;40;32;45;48;2;36;28;41m▄[0m[38;2;36;30;42;48;2;40;32;47m▅[0m[38;2;39;31;43;48;2;37;29;42m▚[0m[38;2;41;33;46;48;2;38;30;43m╲[0m[38;2;40;32;45;48;2;35;27;39m▅[0m
[0m[38;2;50;57;75;48;2;48;54;73m▃[0m[38;2;51;68;87;48;2;51;58;77m▝[0m[38;2;54;69;88;48;2;49;64;83m▄[0m[38;2;53;71;85;48;2;53;72;86m╵[0m[38;2;69;88;111;48;2;56;74;89m╲[0m[38;2;65;85;102;48;2;70;90;115m▖[0m[38;2;62;80;100;48;2;40;55;76m▊[0m[38;2;38;54;77;48;2;39;50;72m▖[0m[38;2;46;54;75;48;2;39;50;70m╲[0m[38;2;43;51;75;48;2;40;48;74m▃[0m[38;2;38;44;68;48;2;43;49;74m┓[0m[38;2;46;52;76;48;2;44;50;72m▄[0m[38;2;39;46;67;48;2;40;49;68m┗[0m[38;2;37;48;67;48;2;44;56;81m▄[0m[38;2;43;54;76;48;2;45;56;78m▚[0m[38;2;43;58;81;48;2;48;64;87m▍[0m[38;2;37;43;63;48;2;52;63;87m▝[0m[38;2;34;39;52;48;2;34;41;61m▚[0m[38;2;41;47;69;48;2;36;42;63m╲[0m[38;2;40;47;65;48;2;37;44;63m▄[0m[38;2;39;47;66;48;2;33;40;57m▊[0m[38;2;41;43;60;48;2;35;36;48m▝[0m[38;2;53;61;78;48;2;40;47;65m▝[0m[38;2;27;26;35;48;2;42;45;65m▝[0m[38;2;28;25;35;48;2;35;25;38m▃[0m[38;2;32;21;35;48;2;29;17;29m▎[0m[38;2;30;18;30;48;2;30;18;28m▃[0m[38;2;30;19;31;48;2;33;22;37m▖[0m[38;2;36;28;43;48;2;36;26;40m▚[0m[38;2;33;24;34;48;2;38;29;41m┗[0m[38;2;36;26;38;48;2;41;38;54m▄[0m[38;2;41;37;52;48;2;37;34;47m▄[0m[38;2;41;37;52;48;2;37;30;43m▌[0m[38;2;33;27;38;48;2;35;28;43m━[0m[38;2;30;26;40;48;2;45;44;62m▄[0m[38;2;46;41;62;48;2;38;37;53m▆[0m[38;2;45;41;57;48;2;37;36;49m▝[0m[38;2;45;41;58;48;2;37;35;49m▅[0m[38;2;49;47;60;48;2;40;38;51m▝[0m[38;2;53;51;65;48;2;40;38;51m╸[0m[38;2;45;42;59;48;2;36;34;47m╸[0m[38;2;34;32;45;48;2;38;36;49m▘[0m[38;2;41;39;52;48;2;38;36;49m▝[0m[38;2;41;40;54;48;2;30;28;38m▋[0m[38;2;30;27;36;48;2;33;30;41m┯[0m[38;2;33;32;44;48;2;45;47;59m▄[0m[38;2;48;44;59;48;2;50;49;62m╱[0m[38;2;50;46;63;48;2;43;40;57m▄[0m[38;2;48;43;58;48;2;42;39;52m▃[0m[38;2;44;41;55;48;2;43;35;48m▃[0m[38;2;46;40;53;48;2;39;33;46m▄[0m[38;2;40;34;48;48;2;39;33;45m▃[0m[38;2;40;34;46;48;2;38;32;44m▄[0m[38;2;40;34;46;48;2;37;31;43m▃[0m[38;2;36;34;45;48;2;34;31;39m▂[0m
[0m[38;2;46;53;72;48;2;52;59;78m╲[0m[38;2;53;60;78;48;2;56;63;81m▋[0m[38;2;59;66;84;48;2;53;60;79m▃[0m[38;2;63;77;95;48;2;60;65;84m╲[0m[38;2;61;77;94;48;2;56;75;90m▂[0m[38;2;47;62;83;48;2;60;76;91m┗[0m[38;2;76;95;109;48;2;67;86;103m▚[0m[38;2;68;87;104;48;2;49;64;88m▖[0m[38;2;33;44;64;48;2;39;51;73m▝[0m[38;2;35;46;64;48;2;44;55;81m▅[0m[38;2;46;57;84;48;2;40;50;76m╲[0m[38;2;44;51;70;48;2;48;53;80m▚[0m[38;2;43;54;81;48;2;36;49;73m╲[0m[38;2;44;55;77;48;2;42;53;74m╻[0m[38;2;39;50;72;48;2;43;54;75m╲[0m[38;2;44;55;75;48;2;47;58;78m▘[0m[38;2;49;61;80;48;2;51;65;91m▖[0m[38;2;36;43;62;48;2;51;59;85m▝[0m[38;2;37;44;60;48;2;38;40;58m▂[0m[38;2;35;42;62;48;2;44;50;72m▖[0m[38;2;44;51;70;48;2;39;46;65m▃[0m[38;2;31;35;49;48;2;37;37;56m╲[0m[38;2;45;48;67;48;2;35;34;48m▝[0m[38;2;46;48;69;48;2;41;45;59m╲[0m[38;2;46;46;66;48;2;33;32;45m╲[0m[38;2;37;34;50;48;2;32;22;35m▁[0m[38;2;32;21;37;48;2;31;20;34m▃[0m[38;2;35;24;40;48;2;32;20;32m▖[0m[38;2;30;19;33;48;2;33;21;35m╺[0m[38;2;34;24;34;48;2;39;31;45m▄[0m[38;2;37;26;41;48;2;40;33;46m▝[0m[38;2;42;38;53;48;2;37;30;43m▝[0m[38;2;42;36;49;48;2;43;40;54m▁[0m[38;2;38;32;46;48;2;36;29;44m▃[0m[38;2;39;32;47;48;2;34;30;44m▆[0m[38;2;36;34;48;48;2;31;27;42m▃[0m[38;2;31;27;42;48;2;32;26;36m▅[0m[38;2;35;29;41;48;2;33;27;41m╳[0m[38;2;33;29;43;48;2;49;41;65m▆[0m[38;2;47;44;62;48;2;39;37;50m━[0m[38;2;36;34;48;48;2;38;35;50m┱[0m[38;2;38;35;48;48;2;41;37;52m▅[0m[38;2;38;35;46;48;2;37;33;47m╏[0m[38;2;38;34;48;48;2;35;31;45m▄[0m[38;2;37;35;48;48;2;35;31;45m▃[0m[38;2;38;36;49;48;2;36;32;46m▃[0m[38;2;36;34;47;48;2;38;36;50m▘[0m[38;2;39;37;51;48;2;54;52;66m▅[0m[38;2;38;36;50;48;2;52;49;65m▂[0m[38;2;39;39;49;48;2;43;50;62m▂[0m[38;2;54;55;68;48;2;46;44;57m▄[0m[38;2;49;47;60;48;2;44;40;54m▄[0m[38;2;46;44;57;48;2;40;35;47m▖[0m[38;2;38;34;46;48;2;44;38;50m▖[0m[38;2;46;40;52;48;2;40;34;46m▅[0m
[0m[38;2;72;80;101;48;2;67;75;96m▅[0m[38;2;63;71;94;48;2;51;58;76m▖[0m[38;2;51;58;76;48;2;58;65;83m▖[0m[38;2;55;64;81;48;2;54;63;80m▍[0m[38;2;57;67;79;48;2;68;80;97m▖[0m[38;2;72;89;104;48;2;61;79;94m▃[0m[38;2;46;61;80;48;2;62;78;94m┗[0m[38;2;82;101;116;48;2;70;86;108m▚[0m[38;2;70;87;109;48;2;52;61;87m▖[0m[38;2;45;57;81;48;2;38;50;69m▖[0m[38;2;38;49;66;48;2;32;40;59m▋[0m[38;2;35;42;59;48;2;48;54;84m▖[0m[38;2;53;59;86;48;2;43;55;77m▖[0m[38;2;51;63;89;48;2;39;53;77m╲[0m[38;2;47;57;82;48;2;44;54;80m▃[0m[38;2;47;60;80;48;2;45;57;77m▅[0m[38;2;47;59;81;48;2;50;60;82m▋[0m[38;2;61;67;93;48;2;54;68;91m╇[0m[38;2;38;43;59;48;2;53;65;92m▝[0m[38;2;28;30;44;48;2;37;45;63m┓[0m[38;2;37;45;69;48;2;49;54;81m▖[0m[38;2;38;44;65;48;2;35;38;58m▌[0m[38;2;34;33;50;48;2;39;42;58m▂[0m[38;2;37;32;47;48;2;46;48;62m▚[0m[38;2;52;58;78;48;2;36;36;51m╲[0m[38;2;43;48;66;48;2;39;39;50m┗[0m[38;2;37;39;60;48;2;34;25;40m▖[0m[38;2;33;22;36;48;2;35;27;40m┰[0m[38;2;35;28;43;48;2;35;23;37m▃[0m[38;2;36;24;38;48;2;33;24;37m▎[0m[38;2;30;22;33;48;2;38;26;40m▂[0m[38;2;36;29;39;48;2;47;39;54m▄[0m[38;2;34;26;37;48;2;36;33;47m▁[0m[38;2;38;34;49;48;2;42;36;50m▄[0m[38;2;36;32;47;48;2;42;36;50m▃[0m[38;2;40;36;50;48;2;44;36;51m▂[0m[38;2;43;39;53;48;2;34;30;45m▅[0m[38;2;36;32;47;48;2;33;29;44m╺[0m[38;2;38;34;49;48;2;34;30;44m▃[0m[38;2;41;37;52;48;2;35;31;46m▗[0m[38;2;36;34;47;48;2;38;36;49m┳[0m[38;2;48;47;56;48;2;39;37;51m╲[0m[38;2;50;50;61;48;2;35;32;48m▖[0m[38;2;39;37;50;48;2;37;36;48m┗[0m[38;2;39;37;51;48;2;38;36;50m▖[0m[38;2;40;39;52;48;2;38;37;51m▅[0m[38;2;37;33;47;48;2;39;37;51m┺[0m[38;2;37;35;48;48;2;42;40;53m▖[0m[38;2;43;41;55;48;2;35;32;43m▎[0m[38;2;36;34;40;48;2;37;35;46m┭[0m[38;2;52;56;68;48;2;39;37;50m▝[0m[38;2;42;40;53;48;2;52;55;68m▄[0m[38;2;55;56;67;48;2;47;46;60m╲[0m[38;2;51;50;64;48;2;38;36;48m▖[0m[38;2;52;49;60;48;2;49;46;57m▗[0m
[0m[38;2;98;112;138;48;2;61;71;95m╲[0m[38;2;74;82;100;48;2;79;87;108m▝[0m[38;2;69;76;94;48;2;52;60;79m▄[0m[38;2;61;68;87;48;2;54;61;80m╳[0m[38;2;61;69;87;48;2;57;65;81m━[0m[38;2;70;85;105;48;2;65;74;91m▝[0m[38;2;91;108;125;48;2;65;83;101m╲[0m[38;2;74;92;107;48;2;60;76;92m▂[0m[38;2;59;73;91;48;2;75;93;113m▖[0m[38;2;62;76;96;48;2;47;59;83m▎[0m[38;2;51;63;87;48;2;39;52;72m▖[0m[38;2;36;48;68;48;2;30;40;60m▖[0m[38;2;33;39;60;48;2;56;62;87m▖[0m[38;2;57;66;92;48;2;49;61;83m▃[0m[38;2;57;69;95;48;2;47;59;83m╲[0m[38;2;42;54;71;48;2;46;58;85m╲[0m[38;2;55;68;85;48;2;50;61;85m▗[0m[38;2;37;43;54;48;2;53;63;87m▗[0m[38;2;38;44;64;48;2;53;69;92m▃[0m[38;2;31;30;47;48;2;62;73;102m▝[0m[38;2;39;44;66;48;2;33;34;51m▝[0m[38;2;35;33;51;48;2;35;33;48m▖[0m[38;2;38;35;52;48;2;37;35;48m▘[0m[38;2;47;51;66;48;2;38;36;49m▝[0m[38;2;42;40;57;48;2;36;35;49m▄[0m[38;2;52;59;77;48;2;40;38;51m▚[0m[38;2;42;47;66;48;2;37;35;54m▖[0m[38;2;34;29;43;48;2;43;40;53m▝[0m[38;2;36;31;45;48;2;35;30;44m▃[0m[38;2;36;28;43;48;2;34;26;38m▊[0m[38;2;32;25;36;48;2;32;24;35m▅[0m[38;2;35;27;38;48;2;31;23;34m▂[0m[38;2;32;24;37;48;2;33;25;38m▖[0m[38;2;38;28;38;48;2;37;29;41m┗[0m[38;2;36;27;39;48;2;37;32;49m▄[0m[38;2;31;26;37;48;2;37;35;49m▄[0m[38;2;37;31;42;48;2;39;36;48m▖[0m[38;2;45;43;57;48;2;37;34;49m┗[0m[38;2;35;31;46;48;2;40;36;51m╲[0m[38;2;43;39;54;48;2;40;36;51m┱[0m[38;2;49;45;60;48;2;44;40;55m┕[0m[38;2;48;46;60;48;2;39;37;49m▖[0m[38;2;41;41;47;48;2;46;46;52m▚[0m[38;2;43;41;62;48;2;40;37;49m━[0m[38;2;36;34;47;48;2;40;38;52m┱[0m[38;2;39;38;51;48;2;41;40;54m▌[0m[38;2;46;45;59;48;2;43;42;56m┡[0m[38;2;41;41;54;48;2;39;37;50m▅[0m[38;2;39;39;51;48;2;37;35;46m▄[0m[38;2;40;38;51;48;2;38;36;49m▚[0m[38;2;40;38;51;48;2;37;36;42m▖[0m[38;2;45;43;55;48;2;39;37;47m▝[0m[38;2;41;39;51;48;2;43;41;55m▎[0m[38;2;44;41;52;48;2;44;43;56m╍[0m[38;2;46;45;59;48;2;40;39;52m▝[0m
[0m[38;2;57;63;85;48;2;53;61;81m▅[0m[38;2;61;67;87;48;2;80;88;110m▅[0m[38;2;83;90;113;48;2;71;78;97m▌[0m[38;2;51;58;77;48;2;71;78;96m▝[0m[38;2;61;68;86;48;2;52;59;78m╲[0m[38;2;53;60;79;48;2;59;67;86m▅[0m[38;2;51;60;78;48;2;70;78;97m▄[0m[38;2;45;54;71;48;2;80;96;112m▃[0m[38;2;93;106;125;48;2;71;84;100m▖[0m[38;2;67;79;95;48;2;59;66;83m▖[0m[38;2;61;69;88;48;2;57;64;87m▖[0m[38;2;59;71;95;48;2;45;58;77m▖[0m[38;2;31;43;61;48;2;37;50;67m╲[0m[38;2;54;67;93;48;2;45;53;71m▝[0m[38;2;58;70;94;48;2;50;60;89m╲[0m[38;2;63;75;101;48;2;51;62;90m▚[0m[38;2;50;67;89;48;2;39;49;68m▖[0m[38;2;55;70;95;48;2;42;49;65m╲[0m[38;2;33;36;51;48;2;39;39;62m▚[0m[38;2;41;41;60;48;2;52;65;90m▆[0m[38;2;35;39;57;48;2;69;85;111m▝[0m[38;2;41;43;57;48;2;40;43;58m┋[0m[38;2;41;40;62;48;2;39;38;50m▖[0m[38;2;42;40;54;48;2;39;38;52m▗[0m[38;2;43;46;60;48;2;40;38;52m▝[0m[38;2;45;48;62;48;2;40;38;52m╲[0m[38;2;61;57;81;48;2;43;40;54m┕[0m[38;2;53;53;80;48;2;41;39;58m▖[0m[38;2;41;38;57;48;2;31;28;45m▊[0m[38;2;32;30;44;48;2;36;32;46m▃[0m[38;2;33;31;45;48;2;32;30;41m▅[0m[38;2;31;29;40;48;2;34;32;43m╲[0m[38;2;30;26;40;48;2;35;29;37m▃[0m[38;2;31;28;41;48;2;34;26;39m▗[0m[38;2;41;33;45;48;2;36;28;41m╲[0m[38;2;42;33;50;48;2;36;26;43m▖[0m[38;2;31;23;36;48;2;34;28;41m╲[0m[38;2;35;28;40;48;2;37;28;44m▘[0m[38;2;37;29;43;48;2;39;36;50m▅[0m[38;2;38;36;49;48;2;41;40;53m▋[0m[38;2;39;36;53;48;2;43;41;55m╲[0m[38;2;53;49;63;48;2;48;44;58m┗[0m[38;2;54;52;66;48;2;40;38;52m▖[0m[38;2;42;41;53;48;2;41;39;51m▚[0m[38;2;39;37;48;48;2;41;38;52m╲[0m[38;2;42;40;55;48;2;40;37;52m▗[0m[38;2;44;43;57;48;2;41;41;51m▝[0m[38;2;43;43;54;48;2;43;42;57m▖[0m[38;2;45;44;60;48;2;44;42;56m╲[0m[38;2;41;41;51;48;2;44;41;55m▘[0m[38;2;43;41;60;48;2;41;36;52m▄[0m[38;2;38;39;54;48;2;38;42;54m▌[0m[38;2;39;41;56;48;2;37;39;52m╲[0m[38;2;39;40;58;48;2;43;42;58m▖[0m[38;2;43;44;58;48;2;40;42;55m▖[0m
[0m[38;2;60;71;91;48;2;54;65;86m▅[0m[38;2;59;69;88;48;2;64;70;92m▍[0m[38;2;68;75;94;48;2;65;72;91m▝[0m[38;2;70;77;96;48;2;67;74;93m╲[0m[38;2;69;76;95;48;2;58;65;84m▖[0m[38;2;58;65;84;48;2;56;63;81m╲[0m[38;2;57;64;83;48;2;54;61;80m╌[0m[38;2;41;49;69;48;2;49;58;76m▗[0m[38;2;95;108;127;48;2;41;56;73m▝[0m[38;2;97;111;128;48;2;67;79;95m┓[0m[38;2;50;58;75;48;2;67;74;93m▂[0m[38;2;59;66;87;48;2;62;73;96m▍[0m[38;2;63;75;100;48;2;46;58;80m▖[0m[38;2;42;54;76;48;2;39;50;70m▖[0m[38;2;55;66;95;48;2;43;54;76m▝[0m[38;2;50;63;80;48;2;59;71;98m┕[0m[38;2;67;82;112;48;2;50;65;85m▚[0m[38;2;48;63;87;48;2;38;49;66m▖[0m[38;2;45;54;70;48;2;42;48;64m┖[0m[38;2;34;37;54;48;2;39;45;65m▚[0m[38;2;41;46;63;48;2;44;50;68m▌[0m[38;2;74;88;113;48;2;43;48;63m▚[0m[38;2;44;44;65;48;2;39;42;57m▃[0m[38;2;40;41;54;48;2;39;38;52m▃[0m[38;2;44;44;56;48;2;40;39;52m╲[0m[38;2;43;42;56;48;2;40;39;53m▗[0m[38;2;47;45;59;48;2;44;43;57m╏[0m[38;2;60;60;76;48;2;46;44;58m▝[0m[38;2;57;59;79;48;2;48;43;62m┓[0m[38;2;33;36;50;48;2;34;32;45m▖[0m[38;2;39;37;51;48;2;34;33;47m┓[0m[38;2;34;32;46;48;2;37;35;48m╸[0m[38;2;39;37;50;48;2;36;32;47m▅[0m[38;2;41;37;52;48;2;32;28;43m▖[0m[38;2;34;30;45;48;2;32;28;42m╲[0m[38;2;34;28;40;48;2;33;29;43m▚[0m[38;2;36;28;44;48;2;39;32;47m▎[0m[38;2;43;36;51;48;2;35;27;43m▄[0m[38;2;36;30;44;48;2;41;34;46m▍[0m[38;2;43;36;49;48;2;40;31;45m▄[0m[38;2;45;42;57;48;2;42;34;47m▝[0m[38;2;44;34;44;48;2;42;41;55m▁[0m[38;2;48;47;61;48;2;43;41;54m▋[0m[38;2;40;39;45;48;2;41;39;52m▝[0m[38;2;42;39;47;48;2;42;40;50m┭[0m[38;2;42;39;50;48;2;42;40;51m╹[0m[38;2;45;42;55;48;2;42;40;53m▅[0m[38;2;36;34;48;48;2;40;39;53m┓[0m[38;2;41;40;54;48;2;44;43;57m╺[0m[38;2;47;46;59;48;2;43;43;55m▚[0m[38;2;50;50;61;48;2;43;42;57m╹[0m[38;2;36;39;58;48;2;43;44;63m▝[0m[38;2;36;36;50;48;2;40;46;60m▝[0m[38;2;40;44;56;48;2;41;42;61m▋[0m[38;2;43;44;63;48;2;43;46;57m▋[0m
[0m[38;2;61;74;93;48;2;58;71;88m▖[0m[38;2;65;76;96;48;2;62;71;90m╲[0m[38;2;64;70;92;48;2;64;76;96m▗[0m[38;2;69;75;97;48;2;72;79;100m▌[0m[38;2;76;83;102;48;2;72;79;98m▄[0m[38;2;62;69;88;48;2;59;67;86m▍[0m[38;2;50;58;76;48;2;57;65;84m╲[0m[38;2;62;69;87;48;2;52;60;81m╲[0m[38;2;55;62;81;48;2;42;47;66m▖[0m[38;2;42;47;66;48;2;52;60;78m▖[0m[38;2;52;65;81;48;2;52;60;77m▅[0m[38;2;51;58;76;48;2;45;57;73m▝[0m[38;2;54;65;85;48;2;64;76;99m▖[0m[38;2;40;56;77;48;2;55;68;88m▝[0m[38;2;46;58;79;48;2;44;55;75m▅[0m[38;2;43;53;71;48;2;45;56;75m▍[0m[38;2;63;78;101;48;2;49;66;86m╸[0m[38;2;66;81;103;48;2;54;70;91m╉[0m[38;2;53;64;88;48;2;42;50;69m▖[0m[38;2;55;61;83;48;2;43;50;68m┕[0m[38;2;52;60;83;48;2;41;45;59m▖[0m[38;2;42;44;61;48;2;48;53;73m▖[0m[38;2;72;84;110;48;2;47;54;73m╲[0m[38;2;53;56;80;48;2;44;46;60m▖[0m[38;2;40;41;54;48;2;39;38;50m▍[0m[38;2;38;36;47;48;2;39;37;50m╹[0m[38;2;47;46;61;48;2;41;39;52m▝[0m[38;2;45;44;60;48;2;48;47;62m┗[0m[38;2;51;51;66;48;2;48;46;63m┭[0m[38;2;58;60;80;48;2;39;40;62m╲[0m[38;2;42;44;57;48;2;37;41;52m▂[0m[38;2;37;39;51;48;2;41;40;54m┸[0m[38;2;38;39;55;48;2;38;36;49m▄[0m[38;2;42;40;54;48;2;46;42;58m▊[0m[38;2;45;42;60;48;2;39;35;50m▃[0m[38;2;34;30;44;48;2;35;32;47m▖[0m[38;2;39;33;45;48;2;37;31;43m▃[0m[38;2;39;33;45;48;2;42;34;50m▆[0m[38;2;39;34;48;48;2;37;33;47m╲[0m[38;2;37;34;48;48;2;40;36;50m▌[0m[38;2;46;40;52;48;2;43;35;49m╺[0m[38;2;47;39;51;48;2;44;38;48m▃[0m[38;2;46;38;51;48;2;43;36;49m▂[0m[38;2;44;36;49;48;2;43;43;55m▆[0m[38;2;47;45;59;48;2;42;40;52m┹[0m[38;2;48;47;54;48;2;41;39;51m╲[0m[38;2;44;42;55;48;2;47;45;58m▘[0m[38;2;37;34;48;48;2;44;44;56m╲[0m[38;2;50;50;62;48;2;45;44;57m╲[0m[38;2;49;49;61;48;2;45;43;57m▚[0m[38;2;45;46;58;48;2;47;46;61m┫[0m[38;2;42;40;58;48;2;48;47;65m┗[0m[38;2;47;48;67;48;2;43;45;60m╍[0m[38;2;46;48;59;48;2;44;50;65m▝[0m[38;2;49;51;67;48;2;43;46;63m▃[0m
[0m[38;2;52;65;83;48;2;61;73;96m▖[0m[38;2;65;81;100;48;2;63;76;92m▖[0m[38;2;65;79;94;48;2;67;78;98m▖[0m[38;2;54;65;83;48;2;71;77;100m▗[0m[38;2;53;64;81;48;2;75;84;105m▖[0m[38;2;56;64;83;48;2;80;87;106m▝[0m[38;2;52;62;80;48;2;60;71;89m▖[0m[38;2;60;71;89;48;2;45;56;74m▖[0m[38;2;57;64;83;48;2;51;58;77m▚[0m[38;2;49;56;75;48;2;44;51;68m▃[0m[38;2;56;67;85;48;2;44;50;66m▝[0m[38;2;56;67;88;48;2;53;63;80m┓[0m[38;2;56;67;86;48;2;49;57;76m▝[0m[38;2;57;69;91;48;2;62;73;96m▖[0m[38;2;64;75;99;48;2;49;64;85m▖[0m[38;2;50;65;86;48;2;42;49;68m▖[0m[38;2;42;45;59;48;2;44;51;71m▆[0m[38;2;39;48;62;48;2;52;73;93m▖[0m[38;2;59;75;97;48;2;50;66;92m┺[0m[38;2;56;70;94;48;2;44;49;73m▖[0m[38;2;45;50;73;48;2;51;58;76m╲[0m[38;2;51;58;79;48;2;39;46;62m▖[0m[38;2;51;56;80;48;2;43;48;68m┗[0m[38;2;71;86;107;48;2;53;58;79m┗[0m[38;2;53;67;88;48;2;46;49;71m▃[0m[38;2;42;44;57;48;2;39;41;53m▄[0m[38;2;44;43;57;48;2;41;39;53m▂[0m[38;2;44;43;57;48;2;45;43;57m [0m[38;2;50;53;67;48;2;47;49;64m╳[0m[38;2;52;53;71;48;2;49;51;65m▚[0m[38;2;53;54;72;48;2;43;47;61m▃[0m[38;2;45;51;69;48;2;45;48;63m▗[0m[38;2;48;51;68;48;2;38;41;56m▖[0m[38;2;41;44;61;48;2;45;43;57m▅[0m[38;2;46;45;60;48;2;47;44;61m┒[0m[38;2;45;43;60;48;2;39;35;48m▖[0m[38;2;35;33;47;48;2;37;33;47m╻[0m[38;2;40;34;46;48;2;39;34;48m┞[0m[38;2;41;37;52;48;2;38;34;48m▗[0m[38;2;40;36;51;48;2;37;33;48m▄[0m[38;2;36;33;50;48;2;37;33;48m▃[0m[38;2;36;33;48;48;2;39;37;50m▘[0m[38;2;48;42;54;48;2;46;38;51m▚[0m[38;2;50;44;58;48;2;48;40;53m▄[0m[38;2;48;41;53;48;2;42;36;48m▄[0m[38;2;45;39;51;48;2;43;35;47m▅[0m[38;2;50;47;61;48;2;44;39;45m▝[0m[38;2;44;37;48;48;2;45;43;56m▖[0m[38;2;44;40;49;48;2;49;47;59m▁[0m[38;2;54;55;71;48;2;48;46;61m┓[0m[38;2;52;51;63;48;2;47;47;58m╲[0m[38;2;43;45;58;48;2;47;47;59m▚[0m[38;2;46;50;62;48;2;43;47;59m╻[0m[38;2;43;47;58;48;2;45;46;59m▊[0m[38;2;55;57;72;48;2;49;50;63m▝[0m
[0m[38;2;56;74;94;48;2;53;65;87m╻[0m[38;2;69;85;102;48;2;55;69;87m▝[0m[38;2;70;87;103;48;2;64;81;95m┓[0m[38;2;71;83;97;48;2;68;81;97m▄[0m[38;2;56;64;83;48;2;61;73;89m▝[0m[38;2;75;81;103;48;2;61;67;89m▝[0m[38;2;76;80;103;48;2;60;68;87m▖[0m[38;2;64;75;93;48;2;57;68;86m╉[0m[38;2;54;62;81;48;2;49;60;78m▝[0m[38;2;59;66;85;48;2;53;60;79m▘[0m[38;2;45;51;68;48;2;52;59;79m▝[0m[38;2;45;52;69;48;2;47;54;72m▌[0m[38;2;59;71;92;48;2;50;61;80m▚[0m[38;2;59;71;93;48;2;55;65;83m▝[0m[38;2;55;62;79;48;2;67;75;100m▖[0m[38;2;57;72;95;48;2;53;68;89m▃[0m[38;2;61;73;93;48;2;40;47;65m▖[0m[38;2;41;47;62;48;2;41;44;56m▝[0m[38;2;40;42;54;48;2;49;59;81m▖[0m[38;2;45;60;75;48;2;52;68;89m╲[0m[38;2;60;72;95;48;2;54;61;79m▖[0m[38;2;49;56;74;48;2;53;59;81m┕[0m[38;2;52;59;77;48;2;45;48;64m▄[0m[38;2;54;59;78;48;2;46;49;66m▝[0m[38;2;46;49;67;48;2;55;64;86m▅[0m[38;2;68;75;99;48;2;45;50;69m╸[0m[38;2;49;53;67;48;2;46;48;60m▖[0m[38;2;51;50;64;48;2;46;44;60m▃[0m[38;2;51;50;63;48;2;47;48;60m▝[0m[38;2;52;52;68;48;2;45;49;60m▖[0m[38;2;57;58;76;48;2;46;47;64m▝[0m[38;2;58;59;79;48;2;49;50;69m┓[0m[38;2;49;55;69;48;2;50;53;72m╲[0m[38;2;54;60;76;48;2;45;48;65m▖[0m[38;2;47;50;67;48;2;44;46;65m▂[0m[38;2;42;41;57;48;2;45;47;62m▝[0m[38;2;45;42;60;48;2;42;38;53m▅[0m[38;2;38;35;52;48;2;41;38;56m┥[0m[38;2;40;39;57;48;2;41;37;53m▄[0m[38;2;47;43;58;48;2;43;41;55m┣[0m[38;2;51;47;62;48;2;41;37;57m▖[0m[38;2;39;36;54;48;2;40;38;52m▆[0m[38;2;44;42;56;48;2;42;40;54m╷[0m[38;2;41;39;53;48;2;49;46;59m▅[0m[38;2;37;33;47;48;2;39;35;50m━[0m[38;2;33;30;42;48;2;36;34;45m▌[0m[38;2;48;44;55;48;2;45;40;49m▚[0m[38;2;40;36;50;48;2;45;39;49m▅[0m[38;2;43;38;48;48;2;44;41;50m▏[0m[38;2;39;35;49;48;2;49;49;62m▃[0m[38;2;51;53;65;48;2;47;50;62m▄[0m[38;2;45;47;60;48;2;49;51;64m╈[0m[38;2;45;48;63;48;2;48;50;65m▋[0m[38;2;49;52;70;48;2;46;49;65m▄[0m[38;2;58;58;70;48;2;48;51;67m▝[0m
[0m[38;2;45;55;76;48;2;51;64;81m▚[0m[38;2;45;61;78;48;2;57;70;88m▖[0m[38;2;57;71;90;48;2;62;79;95m▋[0m[38;2;77;92;111;48;2;73;85;99m▖[0m[38;2;63;76;92;48;2;71;86;99m┗[0m[38;2;73;85;101;48;2;64;75;93m┓[0m[38;2;77;86;105;48;2;65;76;94m▝[0m[38;2;78;89;107;48;2;59;70;90m▖[0m[38;2;60;71;89;48;2;54;65;83m▖[0m[38;2;49;56;75;48;2;52;61;78m┐[0m[38;2;44;50;68;48;2;59;67;84m▖[0m[38;2;60;67;86;48;2;50;57;76m▋[0m[38;2;57;63;82;48;2;49;56;74m▝[0m[38;2;59;70;90;48;2;56;66;84m╲[0m[38;2;51;58;77;48;2;49;56;74m▁[0m[38;2;50;57;76;48;2;61;75;101m▖[0m[38;2;63;78;100;48;2;58;74;95m▅[0m[38;2;53;60;78;48;2;41;49;67m▃[0m[38;2;46;48;63;48;2;41;45;57m▄[0m[38;2;41;44;57;48;2;47;51;71m▅[0m[38;2;38;41;59;48;2;55;70;88m▖[0m[38;2;62;75;98;48;2;58;65;83m▂[0m[38;2;57;63;86;48;2;56;63;81m╲[0m[38;2;55;63;77;48;2;48;50;70m▄[0m[38;2;51;54;71;48;2;45;48;65m▅[0m[38;2;46;48;63;48;2;44;48;59m▄[0m[38;2;46;43;59;48;2;46;49;69m▆[0m[38;2;44;44;55;48;2;51;54;71m▖[0m[38;2;52;51;65;48;2;49;48;62m▚[0m[38;2;50;52;67;48;2;44;47;62m▂[0m[38;2;45;47;62;48;2;46;48;63m╳[0m[38;2;43;45;59;48;2;48;50;65m╲[0m[38;2;57;58;79;48;2;52;54;75m▗[0m[38;2;51;57;75;48;2;56;58;79m▘[0m[38;2;58;63;82;48;2;52;55;72m▄[0m[38;2;53;57;77;48;2;48;49;66m▃[0m[38;2;45;44;62;48;2;50;52;68m▝[0m[38;2;47;44;60;48;2;46;43;60m└[0m[38;2;47;44;62;48;2;43;42;60m▖[0m[38;2;46;43;62;48;2;45;44;59m┰[0m[38;2;54;50;65;48;2;44;43;57m┕[0m[38;2;44;40;57;48;2;48;44;61m╲[0m[38;2;40;37;55;48;2;43;41;54m▘[0m[38;2;47;44;61;48;2;41;38;56m╍[0m[38;2;45;41;58;48;2;39;35;50m▖[0m[38;2;32;28;43;48;2;39;35;50m┗[0m[38;2;38;34;48;48;2;40;36;50m▍[0m[38;2;40;38;51;48;2;39;37;51m▁[0m[38;2;40;36;50;48;2;44;40;54m▍[0m[38;2;46;42;56;48;2;43;39;54m▄[0m[38;2;44;40;54;48;2;46;43;54m▉[0m[38;2;44;40;54;48;2;49;52;67m▅[0m[38;2;51;54;71;48;2;50;52;67m┓[0m[38;2;45;48;65;48;2;52;54;69m╲[0m[38;2;59;62;81;48;2;52;55;72m┓[0m
[0m[38;2;58;73;94;48;2;54;69;91m┱[0m[38;2;45;60;78;48;2;45;63;83m┗[0m[38;2;46;60;79;48;2;53;72;88m▖[0m[38;2;79;92;113;48;2;66;77;95m▝[0m[38;2;73;88;100;48;2;77;93;108m╲[0m[38;2;67;80;96;48;2;74;88;101m┗[0m[38;2;64;77;94;48;2;70;83;100m╲[0m[38;2;86;97;115;48;2;69;80;98m▝[0m[38;2;84;95;113;48;2;65;76;94m▖[0m[38;2;61;70;88;48;2;54;65;83m╲[0m[38;2;57;64;82;48;2;47;54;73m▖[0m[38;2;49;54;73;48;2;63;70;87m▆[0m[38;2;52;58;80;48;2;49;57;75m╋[0m[38;2;58;66;85;48;2;46;54;72m▝[0m[38;2;60;66;83;48;2;44;51;70m▍[0m[38;2;41;43;58;48;2;51;59;76m▖[0m[38;2;51;60;77;48;2;66;81;104m▄[0m[38;2;53;67;84;48;2;68;82;104m▝[0m[38;2;47;49;62;48;2;56;62;82m▝[0m[38;2;47;54;69;48;2;44;50;66m┓[0m[38;2;47;50;65;48;2;44;46;61m▖[0m[38;2;71;85;106;48;2;45;48;64m▝[0m[38;2;54;61;78;48;2;64;75;98m▝[0m[38;2;57;63;79;48;2;59;65;88m▆[0m[38;2;65;72;90;48;2;52;57;77m▂[0m[38;2;47;53;70;48;2;54;58;77m▝[0m[38;2;52;57;73;48;2;47;52;64m▖[0m[38;2;48;51;65;48;2;43;45;58m▄[0m[38;2;43;43;52;48;2;48;49;61m┑[0m[38;2;52;56;70;48;2;51;49;61m▝[0m[38;2;50;53;67;48;2;47;50;67m▃[0m[38;2;51;53;69;48;2;48;50;65m▗[0m[38;2;51;53;68;48;2;47;49;64m▄[0m[38;2;48;50;65;48;2;58;60;81m▖[0m[38;2;57;62;82;48;2;60;65;85m┗[0m[38;2;55;62;79;48;2;60;67;85m▝[0m[38;2;60;63;80;48;2;53;55;75m▅[0m[38;2;46;45;63;48;2;54;57;74m▝[0m[38;2;50;48;69;48;2;47;44;63m▖[0m[38;2;52;49;68;48;2;46;45;63m▖[0m[38;2;48;47;65;48;2;47;44;63m▆[0m[38;2;46;43;61;48;2;46;45;63m╲[0m[38;2;47;45;58;48;2;45;43;56m▄[0m[38;2;48;43;58;48;2;44;41;57m▄[0m[38;2;47;44;63;48;2;46;43;60m▎[0m[38;2;47;42;60;48;2;42;38;55m▃[0m[38;2;45;41;56;48;2;39;35;49m▖[0m[38;2;41;37;52;48;2;41;39;53m▋[0m[38;2;40;38;51;48;2;43;40;57m▘[0m[38;2;44;41;58;48;2;48;44;59m▆[0m[38;2;47;45;58;48;2;46;42;57m┱[0m[38;2;43;41;55;48;2;45;42;59m▂[0m[38;2;45;42;55;48;2;48;44;59m▘[0m[38;2;48;47;61;48;2;53;54;69m▖[0m[38;2;59;62;82;48;2;57;56;70m▝[0m
[0m[38;2;48;61;80;48;2;46;57;75m┧[0m[38;2;61;77;97;48;2;47;60;76m╲[0m[38;2;47;65;85;48;2;47;64;82m▄[0m[38;2;49;66;84;48;2;56;74;97m▖[0m[38;2;70;87;102;48;2;79;94;110m▌[0m[38;2;89;105;120;48;2;84;96;109m┓[0m[38;2;73;89;103;48;2;72;85;102m▊[0m[38;2;69;82;97;48;2;63;77;90m▄[0m[38;2;82;93;112;48;2;66;81;94m▝[0m[38;2;85;96;114;48;2;61;73;91m┓[0m[38;2;55;71;86;48;2;54;65;83m▅[0m[38;2;57;68;86;48;2;50;57;75m▖[0m[38;2;46;54;70;48;2;48;55;73m▚[0m[38;2;38;46;63;48;2;48;57;73m▝[0m[38;2;40;48;62;48;2;42;48;65m╲[0m[38;2;42;44;60;48;2;41;46;64m▝[0m[38;2;52;59;79;48;2;43;51;68m┗[0m[38;2;45;51;70;48;2;48;56;73m┗[0m[38;2;52;66;88;48;2;45;54;72m╲[0m[38;2;58;66;84;48;2;45;51;71m╲[0m[38;2;52;55;76;48;2;46;51;71m╲[0m[38;2;42;49;68;48;2;45;47;61m▃[0m[38;2;45;51;69;48;2;39;43;58m▝[0m[38;2;45;52;67;48;2;54;60;79m▅[0m[38;2;63;71;91;48;2;51;53;72m▝[0m[38;2;56;59;79;48;2;65;70;89m▝[0m[38;2;59;62;81;48;2;53;59;75m▅[0m[38;2;54;61;77;48;2;49;55;70m▃[0m[38;2;50;57;69;48;2;51;53;65m▃[0m[38;2;47;49;61;48;2;49;51;63m╻[0m[38;2;51;50;66;48;2;52;51;66m└[0m[38;2;46;52;70;48;2;53;55;67m▝[0m[38;2;46;50;69;48;2;53;55;71m┒[0m[38;2;57;59;74;48;2;52;55;70m▖[0m[38;2;51;53;68;48;2;57;59;74m╲[0m[38;2;62;68;90;48;2;54;61;80m▚[0m[38;2;57;64;82;48;2;61;68;86m╲[0m[38;2;65;70;89;48;2;61;66;86m┱[0m[38;2;65;66;84;48;2;58;59;76m▃[0m[38;2;48;45;63;48;2;56;54;75m▚[0m[38;2;63;62;80;48;2;51;50;68m┒[0m[38;2;53;52;70;48;2;49;48;66m▖[0m[38;2;43;37;62;48;2;48;49;63m╲[0m[38;2;50;47;63;48;2;48;47;61m▝[0m[38;2;47;45;59;48;2;53;48;66m▝[0m[38;2;49;48;61;48;2;47;46;60m▂[0m[38;2;51;48;65;48;2;47;43;60m▅[0m[38;2;47;46;59;48;2;41;39;53m▄[0m[38;2;48;47;63;48;2;46;43;60m▃[0m[38;2;48;47;63;48;2;47;43;60m▄[0m[38;2;50;47;64;48;2;48;46;59m▂[0m[38;2;49;48;61;48;2;44;44;56m▄[0m[38;2;51;48;62;48;2;45;45;57m▝[0m[38;2;55;52;67;48;2;50;46;61m╊[0m[38;2;55;52;66;48;2;50;46;61m▃[0m
[0m[38;2;48;61;77;48;2;50;66;81m▘[0m[38;2;46;59;78;48;2;50;63;83m╲[0m[38;2;51;69;89;48;2;49;65;84m┡[0m[38;2;52;69;85;48;2;53;70;88m╲[0m[38;2;74;91;109;48;2;54;71;89m▝[0m[38;2;45;61;77;48;2;79;97;113m▄[0m[38;2;75;93;105;48;2;88;102;115m▝[0m[38;2;78;94;107;48;2;73;89;103m▖[0m[38;2;68;85;97;48;2;71;85;98m┃[0m[38;2;74;87;103;48;2;59;71;87m▖[0m[38;2;66;80;97;48;2;59;73;89m┗[0m[38;2;64;76;93;48;2;55;70;86m╺[0m[38;2;47;58;74;48;2;57;66;83m▝[0m[38;2;44;51;69;48;2;50;57;75m▚[0m[38;2;50;57;75;48;2;45;52;70m▅[0m[38;2;43;50;68;48;2;43;51;62m▆[0m[38;2;49;56;72;48;2;44;49;68m┖[0m[38;2;43;48;65;48;2;47;52;71m╋[0m[38;2;41;49;65;48;2;49;56;75m▖[0m[38;2;44;51;69;48;2;51;56;76m▝[0m[38;2;46;53;72;48;2;45;52;70m┇[0m[38;2;53;58;78;48;2;50;52;71m╲[0m[38;2;49;58;81;48;2;46;48;62m▖[0m[38;2;42;48;61;48;2;47;51;66m╲[0m[38;2;45;51;67;48;2;51;53;68m▚[0m[38;2;69;72;87;48;2;49;51;67m▝[0m[38;2;55;57;68;48;2;65;68;88m▖[0m[38;2;66;69;88;48;2;61;66;85m▄[0m[38;2;65;70;90;48;2;56;63;74m▖[0m[38;2;59;68;80;48;2;55;57;70m▖[0m[38;2;50;52;64;48;2;55;58;72m▚[0m[38;2;58;56;70;48;2;56;55;73m▗[0m[38;2;59;60;74;48;2;54;59;70m▄[0m[38;2;48;50;64;48;2;53;55;72m╲[0m[38;2;53;55;67;48;2;55;57;71m▂[0m[38;2;52;54;69;48;2;48;50;65m▎[0m[38;2;47;50;68;48;2;62;69;88m▄[0m[38;2;55;57;70;48;2;57;65;83m▃[0m[38;2;56;58;71;48;2;69;72;87m▇[0m[38;2;67;69;83;48;2;65;62;81m╲[0m[38;2;46;44;66;48;2;61;58;79m╲[0m[38;2;61;59;75;48;2;47;45;57m▋[0m[38;2;46;44;58;48;2;45;42;56m▍[0m[38;2;44;40;54;48;2;45;40;52m╏[0m[38;2;46;44;52;48;2;54;51;69m▖[0m[38;2;59;56;73;48;2;50;47;64m▎[0m[38;2;52;50;63;48;2;54;54;66m▍[0m[38;2;52;54;67;48;2;51;51;65m▂[0m[38;2;56;55;73;48;2;50;53;67m▗[0m[38;2;51;50;66;48;2;47;46;64m▖[0m[38;2;51;48;65;48;2;49;47;63m▘[0m[38;2;50;49;63;48;2;44;43;59m▊[0m[38;2;45;44;57;48;2;47;47;60m▄[0m[38;2;42;40;53;48;2;49;47;61m▅[0m[38;2;42;40;53;48;2;60;56;71m▃[0m
[0m[38;2;67;85;99;48;2;54;72;86m▖[0m[38;2;56;74;89;48;2;53;69;87m▄[0m[38;2;55;68;85;48;2;54;69;87m┕[0m[38;2;45;60;80;48;2;61;69;88m╲[0m[38;2;53;72;87;48;2;57;74;92m┅[0m[38;2;49;66;84;48;2;48;64;79m▆[0m[38;2;79;92;105;48;2;46;62;78m▝[0m[38;2;47;62;78;48;2;81;96;107m▃[0m[38;2;78;94;109;48;2;71;88;99m┡[0m[38;2;68;85;97;48;2;62;79;94m▊[0m[38;2;66;81;96;48;2;57;74;89m┓[0m[38;2;68;77;94;48;2;56;69;86m╲[0m[38;2;70;82;99;48;2;57;66;83m┗[0m[38;2;50;60;78;48;2;58;70;86m▝[0m[38;2;49;59;75;48;2;55;62;80m▚[0m[38;2;55;62;80;48;2;51;58;76m▄[0m[38;2;49;56;75;48;2;45;52;68m▄[0m[38;2;54;59;78;48;2;47;53;69m┗[0m[38;2;49;55;71;48;2;43;47;64m▃[0m[38;2;54;61;79;48;2;43;48;66m▝[0m[38;2;55;63;81;48;2;50;57;75m┒[0m[38;2;44;51;69;48;2;48;55;70m▁[0m[38;2;55;56;73;48;2;50;59;80m▌[0m[38;2;53;57;83;48;2;45;52;70m▖[0m[38;2;45;51;67;48;2;48;54;70m┱[0m[38;2;50;56;72;48;2;47;53;69m▃[0m[38;2;45;52;67;48;2;49;56;72m╲[0m[38;2;47;53;70;48;2;60;62;76m▖[0m[38;2;72;75;95;48;2;65;66;87m╇[0m[38;2;49;56;72;48;2;49;52;67m▃[0m[38;2;52;57;76;48;2;49;53;72m╏[0m[38;2;50;54;66;48;2;54;58;70m▍[0m[38;2;55;59;71;48;2;53;58;69m▃[0m[38;2;60;61;77;48;2;55;57;71m╲[0m[38;2;59;60;80;48;2;56;55;72m▖[0m[38;2;57;56;72;48;2;51;53;66m▋[0m[38;2;52;56;68;48;2;51;53;66m▁[0m[38;2;55;57;70;48;2;56;58;71m▉[0m[38;2;58;60;75;48;2;57;59;73m▗[0m[38;2;59;61;75;48;2;61;63;77m┩[0m[38;2;60;62;77;48;2;63;65;80m╲[0m[38;2;61;63;78;48;2;53;51;67m▖[0m[38;2;43;43;55;48;2;50;49;63m▝[0m[38;2;42;41;55;48;2;44;43;57m└[0m[38;2;46;42;56;48;2;44;41;52m▇[0m[38;2;47;45;57;48;2;52;51;67m▆[0m[38;2;47;45;59;48;2;54;54;67m▄[0m[38;2;60;63;75;48;2;56;58;70m▗[0m[38;2;53;55;70;48;2;54;56;71m▝[0m[38;2;55;57;71;48;2;49;49;67m▋[0m[38;2;50;49;66;48;2;51;50;65m▆[0m[38;2;49;48;63;48;2;46;45;59m▃[0m[38;2;48;47;60;48;2;43;45;58m▖[0m[38;2;44;42;56;48;2;42;39;56m▊[0m[38;2;44;41;58;48;2;42;41;55m┓[0m
[0m[38;2;65;82;96;48;2;72;90;99m▝[0m[38;2;67;85;96;48;2;58;77;92m▖[0m[38;2;61;80;95;48;2;53;70;85m▖[0m[38;2;48;64;79;48;2;52;65;82m┻[0m[38;2;50;61;76;48;2;58;76;94m▅[0m[38;2;61;81;98;48;2;52;69;87m┓[0m[38;2;50;63;80;48;2;57;72;91m▝[0m[38;2;48;61;78;48;2;53;66;83m┗[0m[38;2;70;86;99;48;2;57;67;85m▝[0m[38;2;55;68;85;48;2;52;65;80m▚[0m[38;2;51;65;78;48;2;54;68;80m▚[0m[38;2;48;65;82;48;2;55;71;86m┗[0m[38;2;68;76;94;48;2;61;70;89m╲[0m[38;2;49;58;73;48;2;56;62;77m┒[0m[38;2;57;71;87;48;2;55;63;80m┗[0m[38;2;54;60;78;48;2;57;64;83m▘[0m[38;2;57;65;85;48;2;54;61;78m▃[0m[38;2;56;64;85;48;2;45;55;72m▖[0m[38;2;50;56;69;48;2;49;56;72m▏[0m[38;2;47;53;69;48;2;50;56;72m▝[0m[38;2;53;59;75;48;2;50;56;72m┡[0m[38;2;51;57;73;48;2;41;47;59m▋[0m[38;2;50;56;75;48;2;40;46;62m▝[0m[38;2;44;53;71;48;2;54;61;84m▖[0m[38;2;57;64;82;48;2;50;56;74m▃[0m[38;2;49;54;73;48;2;53;58;77m▍[0m[38;2;53;62;77;48;2;50;58;72m▄[0m[38;2;51;61;73;48;2;48;56;69m▖[0m[38;2;49;54;74;48;2;51;57;76m▊[0m[38;2;54;59;78;48;2;51;58;74m▚[0m[38;2;57;62;80;48;2;52;58;77m▃[0m[38;2;54;57;73;48;2;54;59;78m▝[0m[38;2;51;56;71;48;2;54;59;72m┓[0m[38;2;56;60;77;48;2;50;56;70m▖[0m[38;2;53;56;70;48;2;58;59;73m▃[0m[38;2;52;56;67;48;2;56;59;72m▃[0m[38;2;53;56;67;48;2;54;58;69m╹[0m[38;2;51;53;66;48;2;55;57;73m▌[0m[38;2;63;65;81;48;2;58;60;73m▗[0m[38;2;64;66;80;48;2;58;59;75m╵[0m[38;2;58;60;75;48;2;65;67;82m▍[0m[38;2;61;62;80;48;2;66;68;84m▝[0m[38;2;60;61;80;48;2;55;54;67m▍[0m[38;2;43;45;60;48;2;54;52;66m▝[0m[38;2;47;46;60;48;2;46;44;58m▂[0m[38;2;46;43;60;48;2;45;42;58m▇[0m[38;2;49;47;61;48;2;47;45;59m╹[0m[38;2;54;52;65;48;2;44;40;55m▝[0m[38;2;39;40;52;48;2;57;60;74m▅[0m[38;2;37;36;52;48;2;55;57;72m▖[0m[38;2;50;49;67;48;2;50;51;69m▅[0m[38;2;60;59;77;48;2;56;55;73m▗[0m[38;2;53;52;68;48;2;44;48;59m▋[0m[38;2;50;51;71;48;2;45;47;63m╻[0m[38;2;48;45;64;48;2;45;44;60m▄[0m
[0m[38;2;78;98;122;48;2;77;95;108m┰[0m[38;2;68;86;99;48;2;79;97;110m▝[0m[38;2;69;87;102;48;2;60;78;92m╲[0m[38;2;60;76;92;48;2;54;71;87m▅[0m[38;2;58;70;86;48;2;50;62;79m▖[0m[38;2;60;77;95;48;2;50;63;79m▝[0m[38;2;55;72;90;48;2;60;77;95m▘[0m[38;2;64;80;98;48;2;59;72;89m▖[0m[38;2;59;72;89;48;2;56;69;86m┒[0m[38;2;58;71;88;48;2;55;68;85m▖[0m[38;2;58;71;88;48;2;49;61;75m▖[0m[38;2;51;63;77;48;2;56;68;84m▌[0m[38;2;55;67;84;48;2;61;74;91m▋[0m[38;2;65;73;89;48;2;52;61;78m╲[0m[38;2;65;73;89;48;2;52;61;77m [0m[38;2;56;61;78;48;2;59;66;83m▏[0m[38;2;65;72;91;48;2;60;67;86m╳[0m[38;2;62;70;89;48;2;56;64;87m▅[0m[38;2;64;72;91;48;2;51;58;74m▖[0m[38;2;52;58;74;48;2;49;56;72m▍[0m[38;2;48;53;72;48;2;50;56;73m┗[0m[38;2;48;54;70;48;2;53;59;75m▍[0m[38;2;45;52;68;48;2;43;49;65m▄[0m[38;2;39;46;62;48;2;45;51;68m▘[0m[38;2;44;50;64;48;2;58;66;84m▅[0m[38;2;51;57;76;48;2;43;49;62m▝[0m[38;2;53;59;75;48;2;59;64;83m▖[0m[38;2;49;57;73;48;2;57;66;81m╲[0m[38;2;58;68;80;48;2;51;58;74m▖[0m[38;2;51;56;75;48;2;46;52;66m▖[0m[38;2;46;52;64;48;2;58;64;80m▆[0m[38;2;42;49;63;48;2;54;59;78m▆[0m[38;2;49;51;64;48;2;50;57;73m▃[0m[38;2;49;56;71;48;2;55;61;77m▄[0m[38;2;58;64;79;48;2;52;58;72m┑[0m[38;2;54;60;75;48;2;50;57;70m╻[0m[38;2;60;64;75;48;2;56;60;72m╻[0m[38;2;55;59;70;48;2;53;56;67m▖[0m[38;2;54;56;75;48;2;55;59;70m┌[0m[38;2;56;57;76;48;2;60;62;75m┓[0m[38;2;63;65;78;48;2;60;62;75m▅[0m[38;2;60;63;76;48;2;65;68;84m▅[0m[38;2;69;71;88;48;2;62;63;82m▚[0m[38;2;50;49;65;48;2;59;57;71m╲[0m[38;2;45;46;61;48;2;59;58;72m▝[0m[38;2;52;51;66;48;2;48;47;61m▗[0m[38;2;53;49;68;48;2;48;46;61m╲[0m[38;2;50;48;62;48;2;45;43;57m▖[0m[38;2;47;45;58;48;2;43;42;55m▅[0m[38;2;39;38;52;48;2;43;43;54m╲[0m[38;2;43;42;56;48;2;52;51;68m▄[0m[38;2;43;42;56;48;2;56;53;70m▃[0m[38;2;65;64;82;48;2;45;49;60m▋[0m[38;2;53;54;72;48;2;44;48;59m▝[0m[38;2;44;42;56;48;2;45;43;61m╋[0m
[0m[38;2;83;102;116;48;2;84;100;108m▝[0m[38;2;83;103;118;48;2;85;101;110m▆[0m[38;2;66;84;97;48;2;87;105;117m▝[0m[38;2;68;84;100;48;2;65;83;95m▗[0m[38;2;57;72;91;48;2;65;79;97m▝[0m[38;2;60;73;92;48;2;53;66;83m▖[0m[38;2;64;81;98;48;2;55;68;84m▝[0m[38;2;67;84;102;48;2;65;82;100m▅[0m[38;2;69;83;103;48;2;62;75;92m┒[0m[38;2;64;77;94;48;2;60;74;91m▄[0m[38;2;55;68;84;48;2;60;72;88m▝[0m[38;2;54;63;78;48;2;56;68;82m▊[0m[38;2;64;76;92;48;2;57;69;85m╲[0m[38;2;59;71;87;48;2;53;65;82m▖[0m[38;2;57;66;79;48;2;56;68;84m▝[0m[38;2;57;67;79;48;2;53;62;77m╲[0m[38;2;56;66;76;48;2;61;68;88m▅[0m[38;2;56;65;79;48;2;67;75;94m▖[0m[38;2;64;75;98;48;2;61;67;83m▊[0m[38;2;56;62;79;48;2;50;57;71m▄[0m[38;2;48;55;68;48;2;51;59;73m┪[0m[38;2;48;55;68;48;2;51;57;72m [0m[38;2;61;65;84;48;2;49;51;71m╲[0m[38;2;47;54;70;48;2;46;53;69m▅[0m[38;2;47;53;69;48;2;50;55;73m▝[0m[38;2;49;55;71;48;2;45;51;65m▃[0m[38;2;49;55;71;48;2;47;53;67m▂[0m[38;2;63;69;88;48;2;49;54;73m▝[0m[38;2;51;60;77;48;2;60;68;86m╲[0m[38;2;55;60;80;48;2;52;59;77m▅[0m[38;2;55;61;77;48;2;47;55;68m▅[0m[38;2;49;56;69;48;2;44;50;64m▃[0m[38;2;42;47;66;48;2;44;50;66m┗[0m[38;2;42;52;69;48;2;49;50;66m▃[0m[38;2;51;53;66;48;2;48;49;62m▁[0m[38;2;50;52;65;48;2;54;61;74m▄[0m[38;2;53;60;73;48;2;58;62;74m╲[0m[38;2;55;57;70;48;2;62;65;77m▝[0m[38;2;54;55;68;48;2;58;60;73m▘[0m[38;2;44;45;58;48;2;59;62;74m╻[0m[38;2;59;62;70;48;2;65;68;75m▚[0m[38;2;65;67;80;48;2;62;63;76m▚[0m[38;2;64;63;76;48;2;66;66;81m▅[0m[38;2;55;56;75;48;2;71;71;91m▝[0m[38;2;58;57;71;48;2;61;63;76m▋[0m[38;2;59;58;76;48;2;55;56;70m▂[0m[38;2;58;58;71;48;2;56;54;69m▖[0m[38;2;56;53;71;48;2;49;47;61m▋[0m[38;2;49;48;64;48;2;46;45;59m▝[0m[38;2;57;54;70;48;2;47;47;59m▖[0m[38;2;45;44;58;48;2;43;42;56m▅[0m[38;2;45;44;60;48;2;43;42;56m╲[0m[38;2;45;41;57;48;2;51;51;64m▆[0m[38;2;45;45;54;48;2;46;47;59m╹[0m[38;2;48;48;60;48;2;40;43;55m▊[0m
[0m[38;2;87;99;105;48;2;89;106;114m▘[0m[38;2;90;106;115;48;2;90;108;117m┛[0m[38;2;87;106;121;48;2;98;116;126m▚[0m[38;2;101;119;128;48;2;76;94;105m┓[0m[38;2;78;96;107;48;2;68;86;98m┓[0m[38;2;70;86;100;48;2;65;78;98m▅[0m[38;2;68;79;97;48;2;58;70;87m▖[0m[38;2;60;74;89;48;2;65;81;96m▌[0m[38;2;73;88;110;48;2;67;81;97m┓[0m[38;2;67;81;97;48;2;64;77;94m▖[0m[38;2;66;82;98;48;2;63;75;91m╲[0m[38;2;51;63;79;48;2;64;77;94m▝[0m[38;2;69;76;92;48;2;55;67;81m╲[0m[38;2;64;77;93;48;2;59;73;86m╲[0m[38;2;54;67;83;48;2;58;71;87m╲[0m[38;2;49;61;76;48;2;60;73;90m▝[0m[38;2;66;74;91;48;2;53;65;79m╲[0m[38;2;58;68;78;48;2;57;67;77m┒[0m[38;2;70;83;100;48;2;58;68;77m╲[0m[38;2;50;57;76;48;2;62;69;85m╲[0m[38;2;63;70;86;48;2;54;60;74m▖[0m[38;2;55;63;77;48;2;53;60;74m╲[0m[38;2;54;60;79;48;2;49;56;72m▖[0m[38;2;60;63;82;48;2;53;56;75m╲[0m[38;2;47;53;69;48;2;51;58;75m┑[0m[38;2;55;62;80;48;2;52;59;77m┓[0m[38;2;49;54;73;48;2;51;57;73m╲[0m[38;2;55;61;77;48;2;53;59;75m▗[0m[38;2;53;58;77;48;2;58;65;84m╲[0m[38;2;49;57;74;48;2;57;62;82m▆[0m[38;2;46;53;69;48;2;61;68;83m▖[0m[38;2;49;54;68;48;2;58;67;82m▝[0m[38;2;55;62;78;48;2;47;53;69m╲[0m[38;2;48;55;72;48;2;45;52;68m▗[0m[38;2;47;58;75;48;2;44;55;72m▂[0m[38;2;49;53;65;48;2;54;55;72m▊[0m[38;2;63;65;80;48;2;53;55;70m╲[0m[38;2;40;48;65;48;2;55;62;77m▗[0m[38;2;44;48;64;48;2;61;63;76m▂[0m[38;2;59;62;74;48;2;44;46;58m▎[0m[38;2;71;74;81;48;2;49;51;64m▝[0m[38;2;43;41;55;48;2;61;65;72m▃[0m[38;2;70;71;84;48;2;61;63;75m┖[0m[38;2;74;76;91;48;2;60;62;74m▝[0m[38;2;54;56;69;48;2;68;71;89m▝[0m[38;2;61;62;82;48;2;59;57;76m▚[0m[38;2;59;57;79;48;2;59;58;72m▎[0m[38;2;58;57;73;48;2;50;49;64m▊[0m[38;2;54;54;66;48;2;52;52;64m╲[0m[38;2;54;53;66;48;2;47;50;64m▃[0m[38;2;53;53;66;48;2;51;51;63m┓[0m[38;2;44;42;56;48;2;46;45;61m╲[0m[38;2;47;48;63;48;2;44;43;59m▄[0m[38;2;46;44;58;48;2;47;46;60m╹[0m[38;2;52;54;67;48;2;49;51;63m╻[0m
[0m[38;2;114;130;137;48;2;103;120;127m▅[0m[38;2;100;113;115;48;2;95;112;119m┪[0m[38;2;90;107;109;48;2;95;111;118m▚[0m[38;2;77;96;104;48;2;87;106;109m╲[0m[38;2;78;96;108;48;2;73;92;105m▄[0m[38;2;66;83;93;48;2;71;83;101m▇[0m[38;2;73;91;109;48;2;69;84;98m╲[0m[38;2;73;86;102;48;2;65;78;93m▂[0m[38;2;68;82;95;48;2;71;84;101m▌[0m[38;2;74;89;108;48;2;72;87;105m▆[0m[38;2;78;94;109;48;2;71;84;100m▖[0m[38;2;73;86;102;48;2;70;83;99m▄[0m[38;2;73;85;101;48;2;58;72;88m▖[0m[38;2;80;93;109;48;2;58;68;83m╲[0m[38;2;58;75;85;48;2;55;71;86m▎[0m[38;2;53;66;83;48;2;56;68;85m╲[0m[38;2;56;70;83;48;2;58;72;85m▍[0m[38;2;70;80;91;48;2;62;72;82m╲[0m[38;2;56;65;77;48;2;62;72;83m╲[0m[38;2;60;70;82;48;2;54;62;79m▃[0m[38;2;56;63;79;48;2;54;60;77m╿[0m[38;2;64;71;87;48;2;56;63;79m╲[0m[38;2;61;69;85;48;2;57;65;81m╳[0m[38;2;49;56;73;48;2;57;63;80m▚[0m[38;2;63;67;86;48;2;56;63;80m┗[0m[38;2;52;59;77;48;2;58;65;83m┪[0m[38;2;55;66;83;48;2;53;60;78m┓[0m[38;2;50;55;74;48;2;52;58;76m▚[0m[38;2;50;56;72;48;2;52;59;75m┗[0m[38;2;51;57;71;48;2;53;60;78m▅[0m[38;2;53;60;77;48;2;49;58;69m▄[0m[38;2;52;59;77;48;2;64;71;89m▄[0m[38;2;63;71;86;48;2;50;57;73m▌[0m[38;2;58;64;80;48;2;48;55;71m╲[0m[38;2;54;59;78;48;2;49;58;75m╲[0m[38;2;45;53;68;48;2;50;63;78m▝[0m[38;2;51;55;72;48;2;49;56;72m▍[0m[38;2;54;62;79;48;2;41;50;67m▎[0m[38;2;42;53;68;48;2;43;49;65m▆[0m[38;2;47;49;62;48;2;43;49;65m▉[0m[38;2;44;49;63;48;2;49;51;64m▌[0m[38;2;50;51;65;48;2;42;41;55m▖[0m[38;2;60;63;73;48;2;43;43;55m▝[0m[38;2;51;53;67;48;2;58;60;73m▄[0m[38;2;48;51;64;48;2;59;61;74m▗[0m[38;2;58;59;74;48;2;68;70;84m┖[0m[38;2;70;71;89;48;2;58;56;70m▎[0m[38;2;68;67;81;48;2;57;56;70m▝[0m[38;2;63;61;75;48;2;53;53;66m▖[0m[38;2;55;57;70;48;2;55;54;68m▆[0m[38;2;57;56;72;48;2;53;55;70m▆[0m[38;2;54;54;66;48;2;44;43;56m▋[0m[38;2;45;47;60;48;2;52;54;69m▍[0m[38;2;56;55;69;48;2;53;52;66m▄[0m[38;2;51;53;66;48;2;47;48;61m▄[0m
[0m[38;2;120;135;142;48;2;99;118;119m▉[0m[38;2;84;103;105;48;2;103;117;123m▆[0m[38;2;105;120;125;48;2;95;110;117m▚[0m[38;2;98;113;116;48;2;92;106;114m▖[0m[38;2;84;103;114;48;2;82;100;113m▃[0m[38;2;71;85;93;48;2;82;99;112m▝[0m[38;2;78;91;100;48;2;72;78;89m▖[0m[38;2;71;81;91;48;2;74;86;102m▃[0m[38;2;77;88;105;48;2;72;85;101m▂[0m[38;2;77;92;112;48;2;74;88;100m▝[0m[38;2;77;91;107;48;2;80;93;110m▝[0m[38;2;75;91;105;48;2;78;94;107m▘[0m[38;2;79;93;104;48;2;75;88;104m▅[0m[38;2;74;87;104;48;2;62;79;93m▖[0m[38;2;84;95;110;48;2;57;76;90m╲[0m[38;2;56;76;88;48;2;52;68;81m▖[0m[38;2;53;69;84;48;2;59;73;86m▍[0m[38;2;64;75;89;48;2;58;72;85m▝[0m[38;2;71;81;92;48;2;67;77;88m┏[0m[38;2;71;81;92;48;2;65;75;84m▖[0m[38;2;69;77;92;48;2;58;64;80m▖[0m[38;2;59;66;82;48;2;57;64;80m▅[0m[38;2;61;69;86;48;2;60;67;84m▄[0m[38;2;66;72;92;48;2;59;66;85m╲[0m[38;2;53;60;76;48;2;57;65;81m▘[0m[38;2;66;73;88;48;2;57;66;80m▚[0m[38;2;67;74;92;48;2;55;63;81m╲[0m[38;2;52;57;76;48;2;53;65;81m▝[0m[38;2;53;58;77;48;2;55;62;80m▍[0m[38;2;58;65;82;48;2;52;59;73m▃[0m[38;2;51;59;72;48;2;50;58;71m┲[0m[38;2;54;61;80;48;2;50;58;71m▝[0m[38;2;70;79;96;48;2;55;62;78m▝[0m[38;2;49;56;74;48;2;52;59;76m▋[0m[38;2;52;58;75;48;2;53;59;75m╹[0m[38;2;52;58;74;48;2;54;66;82m▅[0m[38;2;41;49;65;48;2;51;58;74m╹[0m[38;2;57;66;83;48;2;52;61;78m▚[0m[38;2;48;57;74;48;2;42;51;68m▃[0m[38;2;43;55;69;48;2;46;54;67m▋[0m[38;2;48;51;66;48;2;44;52;65m▖[0m[38;2;49;52;65;48;2;50;57;68m▝[0m[38;2;45;51;67;48;2;45;47;62m▃[0m[38;2;51;53;67;48;2;48;50;65m▃[0m[38;2;53;55;70;48;2;48;50;63m▘[0m[38;2;69;68;82;48;2;52;52;66m▝[0m[38;2;71;68;82;48;2;66;64;78m╸[0m[38;2;63;63;74;48;2;58;57;70m┪[0m[38;2;66;65;79;48;2;59;58;72m┓[0m[38;2;54;56;69;48;2;60;62;75m▍[0m[38;2;63;65;78;48;2;59;58;76m▖[0m[38;2;53;54;72;48;2;61;61;75m▘[0m[38;2;50;48;62;48;2;54;56;71m▘[0m[38;2;56;57;75;48;2;61;63;77m▌[0m[38;2;63;66;78;48;2;54;56;69m▖[0m
[0m[38;2;99;113;117;48;2;112;125;122m╲[0m[38;2;116;129;126;48;2;89;107;116m▎[0m[38;2;91;111;118;48;2;89;109;116m╴[0m[38;2;112;127;131;48;2;98;113;117m╲[0m[38;2;106;120;125;48;2;89;106;113m▖[0m[38;2;93;111;121;48;2;89;107;117m▂[0m[38;2;78;91;99;48;2;85;102;110m╲[0m[38;2;82;94;106;48;2;73;81;94m▖[0m[38;2;75;84;93;48;2;77;90;103m▚[0m[38;2;75;88;105;48;2;84;97;112m╲[0m[38;2;79;93;104;48;2;82;94;110m▚[0m[38;2;86;99;116;48;2;82;95;111m▗[0m[38;2;77;91;104;48;2;84;98;111m┖[0m[38;2;83;96;112;48;2;78;91;107m▂[0m[38;2;80;93;107;48;2;68;80;97m▖[0m[38;2;73;85;99;48;2;63;79;93m┓[0m[38;2;50;66;79;48;2;58;74;87m╲[0m[38;2;55;71;84;48;2;62;75;89m▃[0m[38;2;59;71;87;48;2;64;78;90m╲[0m[38;2;57;67;78;48;2;75;85;96m╲[0m[38;2;61;71;82;48;2;64;73;90m╳[0m[38;2;65;72;88;48;2;62;69;85m╲[0m[38;2;60;69;84;48;2;62;70;88m╲[0m[38;2;64;73;90;48;2;60;69;86m▄[0m[38;2;72;80;98;48;2;63;70;86m┗[0m[38;2;66;79;95;48;2;57;69;83m▖[0m[38;2;67;72;91;48;2;59;71;83m▚[0m[38;2;69;82;98;48;2;59;72;88m╲[0m[38;2;64;72;89;48;2;58;65;83m╲[0m[38;2;59;66;84;48;2;61;68;86m▍[0m[38;2;62;69;88;48;2;51;58;72m▖[0m[38;2;58;66;79;48;2;52;60;73m╲[0m[38;2;57;65;78;48;2;49;59;76m▖[0m[38;2;48;57;74;48;2;51;60;77m▝[0m[38;2;50;58;76;48;2;53;60;76m▎[0m[38;2;49;56;74;48;2;53;59;75m▗[0m[38;2;52;59;77;48;2;45;52;68m▌[0m[38;2;55;68;84;48;2;47;53;72m▝[0m[38;2;70;78;95;48;2;55;64;81m╲[0m[38;2;52;61;78;48;2;44;57;73m▖[0m[38;2;53;67;80;48;2;48;51;67m┒[0m[38;2;44;53;66;48;2;52;58;75m▍[0m[38;2;52;59;77;48;2;46;53;70m▖[0m[38;2;48;54;73;48;2;51;54;69m▄[0m[38;2;50;53;68;48;2;39;44;63m▘[0m[38;2;38;45;64;48;2;51;54;68m▄[0m[38;2;40;41;59;48;2;47;46;60m▖[0m[38;2;59;61;74;48;2;46;42;56m▝[0m[38;2;68;68;82;48;2;54;56;71m▝[0m[38;2;60;59;70;48;2;63;65;78m▚[0m[38;2;68;70;83;48;2;64;66;79m▗[0m[38;2;64;63;78;48;2;62;61;77m▅[0m[38;2;58;60;76;48;2;65;68;81m▝[0m[38;2;58;60;77;48;2;62;65;80m▌[0m[38;2;68;70;83;48;2;56;59;74m▊[0m
[0m[38;2;112;130;127;48;2;106;124;123m▄[0m[38;2;112;123;120;48;2;92;113;118m▖[0m[38;2;85;106;111;48;2;95;116;120m╲[0m[38;2;92;112;114;48;2;94;113;118m┪[0m[38;2;117;131;131;48;2;105;121;121m╲[0m[38;2;89;105;113;48;2;97;116;123m╲[0m[38;2;97;114;121;48;2;84;98;104m▋[0m[38;2;91;105;113;48;2;82;90;103m┗[0m[38;2;71;77;91;48;2;77;91;100m▎[0m[38;2;89;102;118;48;2;74;87;99m▝[0m[38;2;87;97;107;48;2;90;103;120m▝[0m[38;2;84;90;102;48;2;90;102;110m▚[0m[38;2;85;94;105;48;2;90;104;116m▃[0m[38;2;91;107;120;48;2;85;99;111m▃[0m[38;2;81;91;105;48;2;87;101;117m▝[0m[38;2;82;97;107;48;2;77;91;104m▂[0m[38;2;83;100;117;48;2;66;83;97m▖[0m[38;2;50;66;79;48;2;64;80;93m╲[0m[38;2;58;73;87;48;2;67;80;92m▚[0m[38;2;66;78;94;48;2;63;77;90m┳[0m[38;2;60;69;84;48;2;63;75;92m▚[0m[38;2;70;79;94;48;2;64;73;88m┓[0m[38;2;71;78;95;48;2;67;77;89m╲[0m[38;2;63;73;86;48;2;68;76;94m╲[0m[38;2;69;79;90;48;2;66;75;90m▅[0m[38;2;67;78;92;48;2;64;73;87m▗[0m[38;2;56;69;81;48;2;59;73;84m╲[0m[38;2;70;84;95;48;2;65;79;92m▚[0m[38;2;62;75;91;48;2;67;81;95m▝[0m[38;2;71;80;97;48;2;58;70;86m╲[0m[38;2;70;76;94;48;2;66;73;91m╲[0m[38;2;67;77;94;48;2;51;60;73m▖[0m[38;2;56;64;77;48;2;62;70;83m▖[0m[38;2;61;69;83;48;2;53;62;79m▖[0m[38;2;50;59;76;48;2;53;60;78m╲[0m[38;2;60;67;85;48;2;54;60;79m▖[0m[38;2;54;61;77;48;2;49;56;74m▝[0m[38;2;60;67;83;48;2;50;57;75m▖[0m[38;2;55;62;80;48;2;52;59;77m▄[0m[38;2;51;58;76;48;2;55;64;81m▆[0m[38;2;54;67;80;48;2;48;54;70m▝[0m[38;2;58;67;86;48;2;48;54;68m▖[0m[38;2;53;62;79;48;2;61;68;84m▝[0m[38;2;55;62;80;48;2;48;55;73m▖[0m[38;2;48;55;74;48;2;41;49;67m▖[0m[38;2;38;45;63;48;2;42;49;67m▘[0m[38;2;39;46;65;48;2;42;43;62m▍[0m[38;2;46;45;61;48;2;43;42;57m▍[0m[38;2;40;43;61;48;2;45;46;60m▌[0m[38;2;46;45;59;48;2;61;63;76m▆[0m[38;2;43;45;58;48;2;67;69;82m▂[0m[38;2;69;71;84;48;2;63;65;77m▍[0m[38;2;64;66;79;48;2;68;71;83m▎[0m[38;2;81;88;99;48;2;62;68;80m┒[0m[38;2;60;64;76;48;2;77;80;95m▋[0m
[0m[38;2;107;124;120;48;2;116;135;132m╲[0m[38;2;118;135;131;48;2;102;120;119m▍[0m[38;2;100;119;123;48;2;97;118;121m▃[0m[38;2;103;122;126;48;2;96;115;122m▃[0m[38;2;91;111;113;48;2;99;119;117m╲[0m[38;2;117;132;135;48;2;100;119;125m╲[0m[38;2;104;123;127;48;2;77;96;102m▖[0m[38;2;70;84;92;48;2;80;99;103m╲[0m[38;2;87;103;105;48;2;72;90;102m▖[0m[38;2;78;93;105;48;2;74;89;101m▍[0m[38;2;99;112;128;48;2;78;94;104m▝[0m[38;2;103;115;136;48;2;96;109;119m▖[0m[38;2;93;103;112;48;2;85;95;103m▄[0m[38;2;84;95;104;48;2;98;109;122m▖[0m[38;2;85;97;109;48;2;91;105;117m▗[0m[38;2;85;99;109;48;2;89;104;117m▝[0m[38;2;88;104;113;48;2;84;101;114m╊[0m[38;2;76;93;103;48;2;72;89;98m▄[0m[38;2;51;67;79;48;2;69;85;99m╲[0m[38;2;64;82;94;48;2;61;78;93m▁[0m[38;2;71;83;99;48;2;64;79;94m┕[0m[38;2;71;80;95;48;2;61;72;87m▃[0m[38;2;65;74;89;48;2;69;76;93m▊[0m[38;2;65;76;91;48;2;77;83;100m▄[0m[38;2;61;77;87;48;2;67;77;87m▅[0m[38;2;68;77;87;48;2;67;80;90m▋[0m[38;2;76;90;103;48;2;65;79;92m┓[0m[38;2;57;69;81;48;2;64;77;89m╲[0m[38;2;63;77;88;48;2;72;86;100m▄[0m[38;2;71;85;101;48;2;62;76;89m┕[0m[38;2;67;74;92;48;2;72;79;97m╇[0m[38;2;70;79;95;48;2;74;83;100m▝[0m[38;2;71;80;97;48;2;60;69;80m▖[0m[38;2;69;76;89;48;2;67;74;90m▋[0m[38;2;62;71;88;48;2;55;64;81m▃[0m[38;2;53;61;79;48;2;65;73;90m▍[0m[38;2;61;68;86;48;2;51;58;74m▖[0m[38;2;54;61;80;48;2;49;56;74m▚[0m[38;2;50;57;73;48;2;53;60;75m╅[0m[38;2;52;59;77;48;2;58;65;83m▝[0m[38;2;54;59;78;48;2;52;58;74m▃[0m[38;2;55;64;79;48;2;51;58;74m▋[0m[38;2;67;74;91;48;2;50;58;74m▝[0m[38;2;73;80;96;48;2;56;65;82m▖[0m[38;2;52;59;78;48;2;48;55;74m┕[0m[38;2;48;53;72;48;2;44;52;69m▃[0m[38;2;49;54;74;48;2;42;49;68m▄[0m[38;2;50;52;67;48;2;43;45;64m▗[0m[38;2;39;44;63;48;2;42;47;66m▚[0m[38;2;45;48;65;48;2;46;48;61m╻[0m[38;2;43;45;58;48;2;45;47;60m▋[0m[38;2;59;61;74;48;2;46;48;61m▝[0m[38;2;49;51;66;48;2;52;54;69m┃[0m[38;2;77;83;95;48;2;55;57;70m▝[0m[38;2;75;82;94;48;2;66;70;81m▖[0m
[0m[38;2;112;132;133;48;2;106;125;125m╲[0m[38;2;112;128;126;48;2;111;127;125m▃[0m[38;2;109;128;132;48;2;104;123;128m▄[0m[38;2;103;123;127;48;2;108;128;129m▘[0m[38;2;105;123;122;48;2;109;129;130m▝[0m[38;2;92;109;107;48;2;104;122;118m╲[0m[38;2;104;128;133;48;2;102;115;115m▚[0m[38;2;88;108;106;48;2;81;100;98m▂[0m[38;2;89;102;108;48;2;80;93;98m▝[0m[38;2;82;99;113;48;2;77;94;104m▗[0m[38;2;80;97;105;48;2;75;92;101m▅[0m[38;2;105;117;132;48;2;87;100;109m▝[0m[38;2;98;106;116;48;2;107;120;131m▝[0m[38;2;97;108;116;48;2;90;100;107m▃[0m[38;2;96;109;119;48;2;90;100;110m┗[0m[38;2;99;111;120;48;2;90;99;110m▖[0m[38;2;98;111;125;48;2;91;107;113m┑[0m[38;2;88;103;110;48;2;92;107;113m▝[0m[38;2;82;96;105;48;2;77;93;107m▅[0m[38;2;64;80;93;48;2;71;87;100m▚[0m[38;2;71;89;103;48;2;66;83;99m▃[0m[38;2;77;90;106;48;2;71;87;103m┗[0m[38;2;60;72;88;48;2;76;84;100m▝[0m[38;2;69;81;97;48;2;64;80;94m▚[0m[38;2;47;63;76;48;2;63;80;92m╲[0m[38;2;71;89;99;48;2;64;82;92m╲[0m[38;2;62;76;89;48;2;73;84;94m▖[0m[38;2;86;102;114;48;2;75;87;98m┓[0m[38;2;65;79;90;48;2;61;75;86m▄[0m[38;2;65;79;90;48;2;62;76;87m▗[0m[38;2;67;81;95;48;2;63;77;88m┃[0m[38;2;59;73;82;48;2;78;84;104m▖[0m[38;2;72;81;98;48;2;82;91;108m▝[0m[38;2;63;72;87;48;2;71;78;92m▘[0m[38;2;76;88;104;48;2;66;78;94m╲[0m[38;2;53;60;78;48;2;66;77;93m┗[0m[38;2;59;66;83;48;2;71;80;97m▝[0m[38;2;62;69;88;48;2;51;58;76m▖[0m[38;2;51;58;74;48;2;54;61;80m▝[0m[38;2;44;51;70;48;2;51;58;76m┗[0m[38;2;62;68;84;48;2;56;61;79m▚[0m[38;2;53;59;75;48;2;60;66;82m▝[0m[38;2;50;55;75;48;2;56;62;78m┗[0m[38;2;50;58;77;48;2;66;73;88m▇[0m[38;2;56;63;81;48;2;49;56;74m╻[0m[38;2;60;67;85;48;2;52;59;78m╲[0m[38;2;61;68;87;48;2;52;59;77m╻[0m[38;2;56;63;81;48;2;41;46;64m▎[0m[38;2;58;58;76;48;2;44;51;70m▌[0m[38;2;42;49;65;48;2;46;52;67m▘[0m[38;2;46;48;61;48;2;47;52;63m▊[0m[38;2;53;55;68;48;2;49;51;64m▅[0m[38;2;50;54;66;48;2;49;51;65m▅[0m[38;2;45;48;65;48;2;57;59;73m▆[0m[38;2;43;46;61;48;2;68;72;84m▖[0m
[0m[38;2;116;129;118;48;2;112;126;126m▘[0m[38;2;120;135;132;48;2;116;131;126m┒[0m[38;2;120;135;131;48;2;114;129;129m▂[0m[38;2;114;132;131;48;2;108;129;132m▇[0m[38;2;84;104;105;48;2;111;129;133m╻[0m[38;2;120;139;137;48;2;112;131;130m▄[0m[38;2;95;111;105;48;2;108;124;117m╲[0m[38;2;89;110;109;48;2;107;122;114m▝[0m[38;2;95;115;114;48;2;88;102;107m▖[0m[38;2;86;98;105;48;2;76;95;105m▄[0m[38;2;88;107;119;48;2;80;98;109m╲[0m[38;2;83;102;109;48;2;88;102;111m▉[0m[38;2;91;105;113;48;2;110;119;131m▌[0m[38;2;103;111;121;48;2;111;121;130m▝[0m[38;2;102;112;120;48;2;96;103;109m▄[0m[38;2;101;114;126;48;2;101;107;112m╹[0m[38;2;85;96;98;48;2;92;101;106m┗[0m[38;2;98;111;118;48;2;82;95;103m▝[0m[38;2;77;91;100;48;2;96;110;113m▝[0m[38;2;88;101;117;48;2;78;91;101m▚[0m[38;2;70;86;99;48;2;73;91;105m▘[0m[38;2;80;96;111;48;2;75;91;104m╲[0m[38;2;85;98;114;48;2;81;93;109m┖[0m[38;2;85;97;111;48;2;69;81;98m╳[0m[38;2;76;88;104;48;2;67;82;98m╲[0m[38;2;53;71;86;48;2;65;81;93m╲[0m[38;2;69;86;97;48;2;57;75;90m┓[0m[38;2;60;79;94;48;2;76;89;103m▖[0m[38;2;98;114;127;48;2;72;89;102m┓[0m[38;2;77;91;102;48;2;64;78;89m╲[0m[38;2;65;79;90;48;2;70;84;95m▖[0m[38;2;60;74;83;48;2;69;84;91m╲[0m[38;2;68;82;95;48;2;74;86;100m▖[0m[38;2;83;95;111;48;2;77;86;103m╲[0m[38;2;79;88;105;48;2;75;84;98m▄[0m[38;2;73;85;99;48;2;77;89;105m▝[0m[38;2;63;75;89;48;2;74;83;97m▚[0m[38;2;82;89;109;48;2;57;66;77m▍[0m[38;2;53;60;78;48;2;63;70;90m▌[0m[38;2;72;79;95;48;2;56;63;82m╻[0m[38;2;50;57;76;48;2;58;63;83m▌[0m[38;2;66;71;91;48;2;63;68;87m╆[0m[38;2;70;75;95;48;2;62;68;84m▖[0m[38;2;58;65;83;48;2;53;60;79m▃[0m[38;2;52;59;77;48;2;54;61;80m▚[0m[38;2;53;60;79;48;2;58;65;83m▊[0m[38;2;54;62;80;48;2;66;75;92m▋[0m[38;2;62;70;89;48;2;42;49;67m▋[0m[38;2;45;52;70;48;2;65;68;83m▍[0m[38;2;53;61;79;48;2;43;48;66m▌[0m[38;2;52;58;73;48;2;47;50;62m▍[0m[38;2;48;54;68;48;2;50;59;74m▍[0m[38;2;49;56;72;48;2;48;55;69m▅[0m[38;2;53;56;71;48;2;50;52;68m▅[0m[38;2;49;49;65;48;2;52;54;69m▚[0m
[0m[38;2;123;136;126;48;2;125;137;128m┓[0m[38;2;121;134;128;48;2;124;137;131m▘[0m[38;2;122;139;131;48;2;122;140;134m▊[0m[38;2;115;126;118;48;2;123;134;134m╲[0m[38;2;124;139;132;48;2;117;136;133m▅[0m[38;2;126;141;141;48;2;91;110;109m▝[0m[38;2;125;146;142;48;2;117;132;129m▚[0m[38;2;108;119;110;48;2;116;129;121m╲[0m[38;2;93;111;108;48;2;103;122;121m╲[0m[38;2;97;115;116;48;2;88;105;106m▃[0m[38;2;81;95;101;48;2;85;103;112m▃[0m[38;2;83;100;108;48;2;85;104;111m┖[0m[38;2;87;105;112;48;2;91;108;116m▎[0m[38;2;98;112;119;48;2;115;125;133m▆[0m[38;2;124;133;143;48;2;106;115;123m┪[0m[38;2;111;122;124;48;2;104;114;116m┓[0m[38;2;107;117;119;48;2;95;107;112m▖[0m[38;2;96;106;109;48;2;89;103;104m╸[0m[38;2;90;103;109;48;2;92;101;109m▅[0m[38;2;88;98;107;48;2;82;98;106m▍[0m[38;2;92;107;117;48;2;79;96;106m┗[0m[38;2;90;109;116;48;2;76;93;105m▖[0m[38;2;83;99;115;48;2;77;93;109m╲[0m[38;2;63;71;82;48;2;84;100;115m▝[0m[38;2;79;91;107;48;2;68;82;89m┖[0m[38;2;72;88;101;48;2;63;79;94m╲[0m[38;2;57;74;90;48;2;63;79;95m┗[0m[38;2;60;78;92;48;2;61;82;96m▎[0m[38;2;58;74;87;48;2;68;84;97m╇[0m[38;2;70;84;95;48;2;79;96;109m▝[0m[38;2;84;98;109;48;2;72;86;96m╲[0m[38;2;73;88;95;48;2;78;92;103m▝[0m[38;2;66;80;89;48;2;74;88;97m▚[0m[38;2;67;81;89;48;2;77;91;103m▖[0m[38;2;88;100;116;48;2;82;94;108m╲[0m[38;2;67;81;93;48;2;79;93;106m╻[0m[38;2;71;83;97;48;2;67;80;94m▎[0m[38;2;61;73;87;48;2;55;66;82m▋[0m[38;2;53;61;76;48;2;55;64;80m┗[0m[38;2;62;70;86;48;2;71;79;96m╹[0m[38;2;74;81;99;48;2;56;63;81m▖[0m[38;2;61;66;86;48;2;72;77;96m▍[0m[38;2;56;63;82;48;2;68;73;90m╻[0m[38;2;69;74;93;48;2;65;72;90m▃[0m[38;2;60;67;86;48;2;54;61;79m▋[0m[38;2;61;69;88;48;2;56;64;83m▗[0m[38;2;61;68;87;48;2;52;60;79m▍[0m[38;2;70;78;96;48;2;50;57;76m▘[0m[38;2;72;76;95;48;2;48;55;73m▝[0m[38;2;64;69;90;48;2;51;58;74m▌[0m[38;2;61;68;82;48;2;47;54;72m┞[0m[38;2;47;54;65;48;2;52;61;76m▌[0m[38;2;55;63;79;48;2;49;59;71m▋[0m[38;2;54;61;74;48;2;54;60;73m▊[0m[38;2;55;61;74;48;2;49;55;69m▋[0m
[0m[38;2;132;147;139;48;2;128;140;128m╲[0m[38;2;135;147;137;48;2;131;143;131m╲[0m[38;2;127;139;131;48;2;132;144;134m▘[0m[38;2;133;147;136;48;2;122;130;123m▊[0m[38;2;124;133;126;48;2;131;141;130m▌[0m[38;2;132;143;131;48;2;100;117;112m▖[0m[38;2;98;114;113;48;2;104;120;116m╇[0m[38;2;135;151;148;48;2;118;131;125m╲[0m[38;2;123;136;126;48;2;116;127;118m▃[0m[38;2;104;124;122;48;2;97;118;117m▚[0m[38;2;70;88;99;48;2;101;114;115m▝[0m[38;2;73;90;98;48;2;80;97;101m▅[0m[38;2;90;109;114;48;2;59;76;84m▘[0m[38;2;102;116;122;48;2;62;76;84m▝[0m[38;2;108;119;127;48;2;103;116;123m┰[0m[38;2;105;117;124;48;2;72;85;93m▝[0m[38;2;114;124;126;48;2;108;118;120m╋[0m[38;2;111;120;125;48;2;82;97;107m▖[0m[38;2;97;109;110;48;2;84;101;108m▝[0m[38;2;97;110;117;48;2;90;101;105m╲[0m[38;2;97;108;115;48;2;84;100;107m▖[0m[38;2;95;116;122;48;2;86;96;106m┗[0m[38;2;80;93;101;48;2;82;96;109m╻[0m[38;2;86;102;117;48;2;83;102;113m┗[0m[38;2;64;75;83;48;2;86;102;117m▝[0m[38;2;67;78;90;48;2;69;83;99m▆[0m[38;2;71;87;103;48;2;70;86;102m┢[0m[38;2;61;78;93;48;2;66;83;99m┖[0m[38;2;74;93;108;48;2;68;88;101m╲[0m[38;2;90;106;119;48;2;58;73;88m▝[0m[38;2;89;105;119;48;2;83;97;108m┓[0m[38;2;78;92;103;48;2;83;97;108m╹[0m[38;2;76;90;99;48;2;86;99;110m▝[0m[38;2;61;75;87;48;2;68;83;95m┓[0m[38;2;66;80;93;48;2;81;95;109m▖[0m[38;2;85;99;112;48;2;66;80;92m▋[0m[38;2;72;85;101;48;2;69;82;98m┒[0m[38;2;61;74;90;48;2;65;78;94m┒[0m[38;2;65;77;93;48;2;63;70;86m▄[0m[38;2;66;75;90;48;2;69;78;93m▘[0m[38;2;84;93;110;48;2;63;71;89m▎[0m[38;2;60;69;86;48;2;67;74;92m╲[0m[38;2;59;66;84;48;2;78;85;103m▝[0m[38;2;61;68;86;48;2;70;77;95m┓[0m[38;2;69;76;95;48;2;62;69;88m▋[0m[38;2;57;68;85;48;2;67;75;94m▊[0m[38;2;69;76;95;48;2;63;70;89m▖[0m[38;2;62;69;88;48;2;57;65;84m▗[0m[38;2;55;62;80;48;2;52;59;77m▄[0m[38;2;53;62;75;48;2;52;58;74m▗[0m[38;2;51;57;74;48;2;65;71;89m▊[0m[38;2;67;75;86;48;2;50;56;70m▎[0m[38;2;57;66;81;48;2;59;68;83m▝[0m[38;2;59;67;79;48;2;55;65;77m▗[0m[38;2;61;67;79;48;2;56;61;73m┃[0m
[0m[38;2;139;153;142;48;2;132;145;133m▌[0m[38;2;110;122;114;48;2;135;149;134m▗[0m[38;2;113;124;116;48;2;137;149;137m▖[0m[38;2;151;162;145;48;2;136;149;132m└[0m[38;2;144;158;139;48;2;133;139;129m▏[0m[38;2;137;148;132;48;2;134;145;130m▄[0m[38;2;139;150;135;48;2;105;122;121m▖[0m[38;2;112;128;126;48;2;104;123;119m╶[0m[38;2;80;95;97;48;2;118;134;127m┒[0m[38;2;122;137;129;48;2;103;119;114m╲[0m[38;2;117;137;138;48;2;106;123;117m╲[0m[38;2;109;124;128;48;2;68;86;90m▖[0m[38;2;69;82;93;48;2;64;78;91m▖[0m[38;2;65;81;89;48;2;63;77;86m▅[0m[38;2;62;77;84;48;2;70;84;92m▚[0m[38;2;65;81;88;48;2;76;92;102m▖[0m[38;2;73;85;98;48;2;78;94;107m╹[0m[38;2;79;91;103;48;2;116;126;128m▃[0m[38;2;74;88;99;48;2;85;104;110m╲[0m[38;2;88;105;114;48;2;76;93;105m▖[0m[38;2;78;92;106;48;2;101;111;115m▄[0m[38;2;97;109;114;48;2;89;104;107m▅[0m[38;2;94;105;110;48;2;89;98;104m▂[0m[38;2;84;95;101;48;2;86;95;105m┓[0m[38;2;87;98;105;48;2;88;101;118m▄[0m[38;2;81;93;106;48;2;70;79;89m▖[0m[38;2;69;80;94;48;2;74;90;106m▋[0m[38;2;70;86;102;48;2;75;91;107m╲[0m[38;2;70;88;102;48;2;73;95;109m╲[0m[38;2;74;90;99;48;2;80;99;113m▝[0m[38;2;93;109;122;48;2;67;81;91m▝[0m[38;2;95;111;122;48;2;84;102;112m┓[0m[38;2;100;113;124;48;2;92;106;118m┓[0m[38;2;86;102;109;48;2;66;78;90m▋[0m[38;2;75;92;100;48;2;70;87;95m▗[0m[38;2;92;105;119;48;2;86;99;112m▗[0m[38;2;76;91;106;48;2;73;85;101m▃[0m[38;2;73;85;101;48;2;63;76;92m▋[0m[38;2;68;83;94;48;2;68;84;99m╹[0m[38;2;74;83;98;48;2;72;82;97m▄[0m[38;2;76;84;99;48;2;64;76;92m▍[0m[38;2;70;79;96;48;2;67;76;93m▅[0m[38;2;66;75;92;48;2;80;87;105m▍[0m[38;2;51;70;84;48;2;63;71;89m▖[0m[38;2;59;72;83;48;2;73;80;97m▆[0m[38;2;70;79;94;48;2;65;74;89m▅[0m[38;2;60;67;84;48;2;69;78;94m▆[0m[38;2;66;74;93;48;2;63;71;90m▅[0m[38;2;67;74;92;48;2;60;67;85m▄[0m[38;2;52;59;75;48;2;54;61;77m▘[0m[38;2;56;66;78;48;2;55;63;76m▅[0m[38;2;71;77;91;48;2;53;59;71m▋[0m[38;2;70;80;94;48;2;61;71;86m┠[0m[38;2;67;77;89;48;2;60;69;81m▖[0m[38;2;62;70;83;48;2;56;64;75m▊[0m
[0m[38;2;137;157;145;48;2;150;154;126m┖[0m[38;2;122;129;120;48;2;121;128;119m┍[0m[38;2;121;131;120;48;2;116;127;118m▂[0m[38;2;118;130;120;48;2;120;132;122m▌[0m[38;2;120;132;122;48;2;140;142;129m▅[0m[38;2;123;133;124;48;2;141;149;136m▃[0m[38;2;144;153;136;48;2;122;136;125m▋[0m[38;2;117;129;125;48;2;107;121;122m▅[0m[38;2;113;130;123;48;2;98;110;109m▋[0m[38;2;83;98;102;48;2;88;107;114m▉[0m[38;2;88;105;113;48;2;113;125;119m▖[0m[38;2;119;137;139;48;2;111;122;119m╲[0m[38;2;81;97;101;48;2;67;84;95m▖[0m[38;2;72;85;98;48;2;70;83;93m▅[0m[38;2;67;86;90;48;2;70;88;95m╲[0m[38;2;72;87;94;48;2;70;83;88m▄[0m[38;2;73;88;96;48;2;75;93;104m▖[0m[38;2;82;99;108;48;2;79;96;106m╈[0m[38;2;81;98;107;48;2;73;86;95m▖[0m[38;2;75;89;97;48;2;86;103;111m▅[0m[38;2;56;63;76;48;2;79;95;108m▝[0m[38;2;61;70;81;48;2;102;117;116m▄[0m[38;2;104;114;121;48;2;82;94;97m╲[0m[38;2;100;110;118;48;2;85;96;102m╲[0m[38;2;93;104;110;48;2;88;97;104m╲[0m[38;2;89;104;105;48;2;80;93;99m▖[0m[38;2;80;95;103;48;2;72;82;92m▖[0m[38;2;75;90;97;48;2;80;96;111m▍[0m[38;2;81;97;112;48;2;73;89;103m▖[0m[38;2;77;96;107;48;2;84;103;117m▌[0m[38;2;80;96;110;48;2;71;88;98m▘[0m[38;2;93;110;117;48;2;74;88;97m▝[0m[38;2;51;68;82;48;2;81;99;106m▚[0m[38;2;93;113;118;48;2;53;70;82m┩[0m[38;2;77;90;101;48;2;57;74;89m▝[0m[38;2;74;92;99;48;2;80;97;105m┕[0m[38;2;83;99;114;48;2;73;90;104m╲[0m[38;2;74;91;106;48;2;78;94;109m╿[0m[38;2;79;93;103;48;2;70;86;100m▅[0m[38;2;68;87;94;48;2;68;80;97m▖[0m[38;2;77;89;105;48;2;71;83;99m▗[0m[38;2;69;82;98;48;2;73;83;100m▘[0m[38;2;60;76;91;48;2;71;83;99m▗[0m[38;2;62;79;94;48;2;58;76;87m▅[0m[38;2;64;78;90;48;2;61;74;82m▍[0m[38;2;80;90;100;48;2;70;80;89m▗[0m[38;2;79;88;103;48;2;67;77;92m▖[0m[38;2;56;65;76;48;2;69;77;96m▎[0m[38;2;77;84;102;48;2;71;80;98m▅[0m[38;2;71;78;94;48;2;56;63;81m▖[0m[38;2;60;70;82;48;2;64;74;83m▋[0m[38;2;60;67;83;48;2;83;90;102m▋[0m[38;2;66;77;87;48;2;55;67;79m▖[0m[38;2;71;81;93;48;2;63;73;85m┫[0m[38;2;64;74;86;48;2;60;68;79m▋[0m
[0m[38;2;164;168;153;48;2;160;167;135m┓[0m[38;2;153;158;138;48;2;130;135;128m┓[0m[38;2;131;138;127;48;2;125;135;121m▄[0m[38;2;126;136;125;48;2;122;133;123m▃[0m[38;2;125;137;127;48;2;122;134;124m▄[0m[38;2;122;134;125;48;2;125;137;127m▘[0m[38;2;137;145;130;48;2;127;139;127m╎[0m[38;2;125;136;120;48;2;124;136;126m▍[0m[38;2;124;137;128;48;2;120;133;130m┱[0m[38;2;85;100;106;48;2;110;123;117m▝[0m[38;2;84;99;103;48;2;91;104;115m╲[0m[38;2;89;107;116;48;2;113;125;123m▄[0m[38;2;124;136;137;48;2;88;102;105m╲[0m[38;2;71;89;99;48;2;77;95;104m▘[0m[38;2;79;91;103;48;2;74;87;99m▄[0m[38;2;72;90;94;48;2;75;94;97m╲[0m[38;2;78;92;99;48;2;82;96;103m▊[0m[38;2;89;105;112;48;2;81;94;100m╲[0m[38;2;84;101;111;48;2;81;95;103m▄[0m[38;2;80;94;103;48;2;74;88;97m▄[0m[38;2;65;79;92;48;2;73;88;95m┗[0m[38;2;63;72;83;48;2;65;79;91m┗[0m[38;2;56;66;78;48;2;70;78;89m╲[0m[38;2;69;79;91;48;2;82;95;101m▂[0m[38;2;102;114;117;48;2;88;99;103m╲[0m[38;2;88;101;107;48;2;97;108;114m▝[0m[38;2;83;96;101;48;2;88;102;110m╲[0m[38;2;85;94;104;48;2;78;87;97m▃[0m[38;2;91;102;124;48;2;80;95;109m╲[0m[38;2;84;101;110;48;2;76;93;106m▄[0m[38;2;61;78;86;48;2;86;103;117m▝[0m[38;2;67;84;92;48;2;55;72;85m▌[0m[38;2;80;94;104;48;2;61;77;94m▚[0m[38;2;55;72;86;48;2;58;75;91m▘[0m[38;2;56;73;89;48;2;62;79;95m╿[0m[38;2;87;105;116;48;2;65;82;98m▝[0m[38;2;92;109;116;48;2;80;97;105m▖[0m[38;2;86;98;106;48;2;50;68;82m▎[0m[38;2;79;93;101;48;2;54;72;86m▝[0m[38;2;84;99;107;48;2;72;90;97m▌[0m[38;2;48;64;79;48;2;67;81;97m▅[0m[38;2;79;91;107;48;2;77;89;105m┓[0m[38;2;79;91;107;48;2;66;82;97m▎[0m[38;2;67;85;99;48;2;64;82;96m▗[0m[38;2;69;87;99;48;2;65;81;92m▖[0m[38;2;66;79;88;48;2;81;91;100m▋[0m[38;2;86;94;110;48;2;78;87;102m▅[0m[38;2;73;82;97;48;2;66;78;90m▏[0m[38;2;83;90;109;48;2;77;84;102m┪[0m[38;2;77;84;101;48;2;71;78;95m╉[0m[38;2;60;68;79;48;2;63;71;84m┆[0m[38;2;70;79;91;48;2;65;75;87m▍[0m[38;2;82;91;105;48;2;61;71;83m▌[0m[38;2;71;81;93;48;2;58;70;83m▝[0m[38;2;71;81;92;48;2;65;75;84m▖[0m
