[0m[0m[38;2;101;59;83;48;2;97;56;81m▁[0m[38;2;98;57;82;48;2;101;58;82m▊[0m[38;2;102;57;81;48;2;107;59;83m▋[0m[38;2;108;60;84;48;2;114;60;83m▘[0m[38;2;112;61;83;48;2;108;59;82m▋[0m[38;2;102;57;82;48;2;94;57;82m▋[0m[38;2;91;57;81;48;2;95;57;80m▇[0m[38;2;91;57;82;48;2;99;58;82m▆[0m[38;2;90;55;81;48;2;103;58;81m▆[0m[38;2;91;56;81;48;2;95;57;82m━[0m[38;2;92;57;80;48;2;95;56;82m━[0m[38;2;96;56;82;48;2;101;57;82m▋[0m[38;2;106;59;82;48;2;104;58;81m▃[0m[38;2;113;60;83;48;2;103;58;79m▄[0m[38;2;114;61;84;48;2;107;58;80m▃[0m[38;2;114;61;83;48;2;107;57;82m▃[0m[38;2;124;63;84;48;2;109;58;81m▃[0m[38;2;118;60;82;48;2;102;58;80m▅[0m[38;2;114;60;83;48;2;100;59;80m▅[0m[38;2;115;62;83;48;2;102;58;80m▄[0m[38;2;115;60;83;48;2;99;55;79m▃[0m[38;2;111;58;82;48;2;101;58;81m▄[0m[38;2;111;58;81;48;2;102;58;81m▄[0m[38;2;114;58;82;48;2;127;64;81m▍[0m[38;2;133;66;82;48;2;130;66;81m▇[0m[38;2;131;66;83;48;2;127;64;83m▎[0m[38;2;123;63;83;48;2;115;61;81m▎[0m[38;2;113;58;82;48;2;113;59;83m┗[0m[38;2;111;59;81;48;2;108;59;82m▋[0m[38;2;101;57;82;48;2;107;58;82m▝[0m[38;2;99;57;79;48;2;93;53;79m▃[0m[38;2;93;55;80;48;2;87;53;78m▃[0m[38;2;90;54;79;48;2;88;53;79m▃[0m[38;2;89;54;79;48;2;90;53;78m┻[0m[38;2;93;53;79;48;2;98;54;78m▌[0m[38;2;99;55;79;48;2;98;55;80m▂[0m[38;2;94;52;79;48;2;100;55;80m▃[0m[38;2;94;53;77;48;2;90;52;78m▍[0m[38;2;88;52;78;48;2;86;52;78m▚[0m[38;2;86;50;76;48;2;85;51;76m▖[0m[38;2;85;51;76;48;2;83;50;74m▇[0m[38;2;85;51;76;48;2;85;49;75m [0m[38;2;87;52;76;48;2;83;49;76m▂[0m[38;2;85;50;75;48;2;81;48;75m▃[0m[38;2;85;50;75;48;2;78;49;75m▄[0m[38;2;82;49;75;48;2;71;46;75m▃[0m[38;2;75;46;74;48;2;68;46;74m▃[0m[38;2;71;45;74;48;2;65;45;73m▃[0m[38;2;64;44;73;48;2;61;42;72m▄[0m[38;2;62;43;73;48;2;58;42;71m▃[0m[38;2;60;42;70;48;2;57;41;70m▃[0m[38;2;61;41;69;48;2;57;41;70m▃[0m
[0m[38;2;108;59;84;48;2;104;58;84m▗[0m[38;2;108;60;84;48;2;102;58;82m▄[0m[38;2;107;59;83;48;2;112;60;83m▍[0m[38;2;113;61;84;48;2;115;61;84m▃[0m[38;2;113;61;84;48;2;107;59;83m▊[0m[38;2;105;59;83;48;2;99;58;82m▎[0m[38;2;99;58;82;48;2;94;59;83m▅[0m[38;2;98;58;82;48;2;91;57;81m▅[0m[38;2;102;58;81;48;2;91;56;82m▃[0m[38;2;108;59;81;48;2;100;56;83m▃[0m[38;2;115;60;84;48;2;102;58;82m▄[0m[38;2;117;62;84;48;2;108;60;82m▅[0m[38;2;121;64;85;48;2;114;61;85m▃[0m[38;2;120;62;84;48;2;115;61;85m▂[0m[38;2;120;63;83;48;2;116;62;83m▂[0m[38;2;119;62;84;48;2;124;65;84m▍[0m[38;2;130;67;84;48;2;134;67;84m▌[0m[38;2;135;67;85;48;2;129;67;85m▅[0m[38;2;132;67;85;48;2;119;62;81m▆[0m[38;2;133;67;85;48;2;123;64;83m▅[0m[38;2;134;67;85;48;2;128;65;84m▅[0m[38;2;136;67;85;48;2;127;64;84m▅[0m[38;2;131;66;83;48;2;119;63;81m▆[0m[38;2;126;65;83;48;2;131;67;84m▘[0m[38;2;136;68;86;48;2;129;66;83m▃[0m[38;2;134;67;84;48;2;129;66;82m▄[0m[38;2;128;64;84;48;2;119;60;82m▖[0m[38;2;121;62;84;48;2;115;61;82m▂[0m[38;2;117;62;83;48;2;116;61;82m▖[0m[38;2;113;60;83;48;2;108;58;81m▌[0m[38;2;107;57;82;48;2;100;56;81m▂[0m[38;2;109;57;81;48;2;95;55;80m▃[0m[38;2;101;57;80;48;2;95;54;78m▄[0m[38;2;105;57;80;48;2;99;56;79m▂[0m[38;2;110;58;81;48;2;100;56;79m▅[0m[38;2;109;56;80;48;2;101;55;81m▆[0m[38;2;102;57;80;48;2;96;53;77m▄[0m[38;2;99;56;79;48;2;93;53;79m▄[0m[38;2;98;54;79;48;2;93;53;77m▃[0m[38;2;98;54;79;48;2;92;52;78m▄[0m[38;2;98;54;79;48;2;91;52;78m▄[0m[38;2;99;54;78;48;2;91;53;76m▄[0m[38;2;103;57;80;48;2;95;53;77m▃[0m[38;2;101;54;78;48;2;93;52;76m▃[0m[38;2;97;53;79;48;2;92;50;76m▄[0m[38;2;94;53;77;48;2;86;51;75m▃[0m[38;2;88;49;76;48;2;82;49;77m▅[0m[38;2;83;49;74;48;2;76;46;74m▃[0m[38;2;77;47;74;48;2;70;45;74m▃[0m[38;2;70;45;74;48;2;65;44;71m▆[0m[38;2;68;45;73;48;2;64;43;71m▅[0m[38;2;68;44;73;48;2;64;43;71m▄[0m
[0m[38;2;107;62;85;48;2;105;60;84m▗[0m[38;2;107;62;85;48;2;109;61;85m [0m[38;2;108;60;84;48;2;114;62;85m▘[0m[38;2;116;62;86;48;2;114;60;85m▇[0m[38;2;114;61;84;48;2;108;60;82m▄[0m[38;2;115;62;85;48;2;104;59;82m▄[0m[38;2;117;62;85;48;2;105;59;83m▄[0m[38;2;120;64;86;48;2;108;59;83m▅[0m[38;2;126;67;86;48;2;112;61;83m▅[0m[38;2;129;66;84;48;2;122;64;86m▅[0m[38;2;136;68;86;48;2;128;65;85m▃[0m[38;2;139;70;87;48;2;129;66;83m▄[0m[38;2;138;68;86;48;2;128;65;84m▄[0m[38;2;143;71;84;48;2;129;67;84m▄[0m[38;2;150;73;85;48;2;133;67;85m▃[0m[38;2;146;72;85;48;2;132;66;84m▄[0m[38;2;146;72;84;48;2;138;69;86m▅[0m[38;2;147;72;85;48;2;142;69;86m▅[0m[38;2;148;72;85;48;2;141;69;86m▃[0m[38;2;145;71;84;48;2;138;68;86m▃[0m[38;2;149;73;87;48;2;139;70;88m▃[0m[38;2;147;72;86;48;2;140;70;86m▅[0m[38;2;139;69;86;48;2;143;70;86m▝[0m[38;2;145;70;86;48;2;136;68;85m▅[0m[38;2;148;72;85;48;2;142;69;85m▄[0m[38;2;144;70;85;48;2;138;68;86m▅[0m[38;2;141;70;87;48;2;135;67;85m▃[0m[38;2;137;68;85;48;2;129;65;84m▅[0m[38;2;136;67;85;48;2;127;66;82m▃[0m[38;2;131;66;86;48;2;116;61;82m▄[0m[38;2;129;66;83;48;2;116;60;83m▄[0m[38;2;126;63;80;48;2;118;60;84m▖[0m[38;2;118;62;82;48;2;116;61;82m╸[0m[38;2;116;61;82;48;2;110;58;81m▇[0m[38;2;116;60;82;48;2;115;60;81m▗[0m[38;2;116;61;81;48;2;112;58;81m▅[0m[38;2;116;61;83;48;2;110;58;80m▄[0m[38;2;116;60;82;48;2;107;58;82m▅[0m[38;2;115;59;81;48;2;104;57;80m▅[0m[38;2;121;62;81;48;2;107;56;79m▄[0m[38;2;117;59;80;48;2;108;57;80m▅[0m[38;2;112;57;81;48;2;106;57;79m▖[0m[38;2;100;55;78;48;2;104;56;80m┳[0m[38;2;106;57;80;48;2;102;55;78m▄[0m[38;2;107;58;80;48;2;103;54;78m▂[0m[38;2;99;53;78;48;2;103;55;77m▝[0m[38;2;98;52;78;48;2;93;53;77m▆[0m[38;2;94;52;76;48;2;88;50;75m▅[0m[38;2;96;52;77;48;2;83;49;74m▃[0m[38;2;88;50;74;48;2;77;47;74m▄[0m[38;2;86;47;75;48;2;74;45;75m▄[0m[38;2;86;48;75;48;2;74;46;72m▃[0m
[0m[38;2;109;62;86;48;2;107;62;85m▂[0m[38;2;109;62;84;48;2;109;61;85m▚[0m[38;2;115;61;84;48;2;108;60;85m▝[0m[38;2;114;60;84;48;2;116;62;85m▖[0m[38;2;122;64;85;48;2;125;65;86m▋[0m[38;2;133;68;86;48;2;124;67;86m▄[0m[38;2;140;69;87;48;2;129;66;83m▄[0m[38;2;138;70;86;48;2;131;67;85m▄[0m[38;2;136;67;86;48;2;128;66;84m▄[0m[38;2;131;67;85;48;2;133;67;85m▚[0m[38;2;134;68;86;48;2;143;70;87m▂[0m[38;2;149;73;86;48;2;144;70;87m━[0m[38;2;143;70;88;48;2;147;72;86m▂[0m[38;2;145;72;87;48;2;153;74;87m▃[0m[38;2;145;73;88;48;2;155;73;87m▃[0m[38;2;145;72;87;48;2;154;73;87m▃[0m[38;2;145;73;87;48;2;151;73;87m▂[0m[38;2;145;74;86;48;2;150;73;86m▅[0m[38;2;149;73;86;48;2;147;73;86m▄[0m[38;2;153;74;87;48;2;146;72;85m▄[0m[38;2;159;73;84;48;2;151;73;85m▃[0m[38;2;157;74;89;48;2;152;73;87m▂[0m[38;2;152;74;88;48;2;149;73;86m▂[0m[38;2;148;74;87;48;2;152;74;87m▄[0m[38;2;147;73;86;48;2;150;74;87m▃[0m[38;2;150;74;87;48;2;148;72;85m▁[0m[38;2;149;73;86;48;2;145;72;87m▊[0m[38;2;143;71;85;48;2;139;69;85m▍[0m[38;2;135;68;85;48;2;137;68;86m▅[0m[38;2;139;68;86;48;2;136;67;85m▄[0m[38;2;129;66;85;48;2;133;66;84m▝[0m[38;2;132;67;84;48;2;125;63;83m▄[0m[38;2;135;67;85;48;2;123;64;83m▅[0m[38;2;135;66;85;48;2;124;64;83m▆[0m[38;2;132;67;85;48;2;123;64;82m▃[0m[38;2;133;67;86;48;2;118;61;80m▄[0m[38;2;129;66;83;48;2;119;63;82m▅[0m[38;2;130;66;83;48;2;122;64;82m▆[0m[38;2;132;67;84;48;2;127;66;84m▅[0m[38;2;119;60;82;48;2;127;65;84m▗[0m[38;2;118;60;81;48;2;124;63;82m▃[0m[38;2;117;61;82;48;2;114;59;82m▗[0m[38;2;119;61;82;48;2;112;58;81m▅[0m[38;2;126;63;83;48;2;116;58;82m▄[0m[38;2;126;61;81;48;2;113;58;81m▃[0m[38;2;123;61;81;48;2;111;57;80m▄[0m[38;2;124;61;80;48;2;111;58;81m▃[0m[38;2;116;57;80;48;2;104;54;78m▆[0m[38;2;120;58;80;48;2;107;55;78m▅[0m[38;2;117;57;81;48;2;102;53;75m▅[0m[38;2;110;55;79;48;2;99;52;75m▆[0m[38;2;104;54;77;48;2;96;51;76m▄[0m
[0m[38;2;115;64;87;48;2;109;61;85m▂[0m[38;2;113;64;86;48;2;111;63;85m▃[0m[38;2;117;63;87;48;2;112;63;85m▄[0m[38;2;119;67;87;48;2;115;63;86m▄[0m[38;2;122;65;86;48;2;126;67;87m▌[0m[38;2;132;69;86;48;2;129;67;86m▝[0m[38;2;135;69;87;48;2;139;70;88m▍[0m[38;2;144;71;89;48;2;137;70;87m▃[0m[38;2;143;71;89;48;2;133;68;88m▂[0m[38;2;139;70;88;48;2;131;68;85m▂[0m[38;2;140;70;88;48;2;132;68;87m▃[0m[38;2;143;71;88;48;2;138;70;88m▂[0m[38;2;144;73;90;48;2;141;72;88m▄[0m[38;2;146;73;90;48;2;142;72;88m▃[0m[38;2;145;73;90;48;2;146;73;88m▘[0m[38;2;145;73;89;48;2;146;73;88m▝[0m[38;2;147;73;88;48;2;144;73;89m▄[0m[38;2;146;74;88;48;2;145;73;87m▅[0m[38;2;152;75;88;48;2;147;73;88m▝[0m[38;2;150;73;89;48;2;155;75;87m▆[0m[38;2;148;74;87;48;2;155;74;88m▃[0m[38;2;153;75;90;48;2;151;74;87m╍[0m[38;2;155;75;88;48;2;152;74;87m━[0m[38;2;157;76;90;48;2;152;74;88m━[0m[38;2;153;75;89;48;2;151;74;88m┯[0m[38;2;144;71;87;48;2;151;74;87m▗[0m[38;2;150;73;87;48;2;140;69;85m▘[0m[38;2;140;69;85;48;2;141;69;86m┆[0m[38;2;145;72;85;48;2;142;69;86m▄[0m[38;2;151;73;88;48;2;144;71;86m▂[0m[38;2;154;72;87;48;2;142;70;84m▂[0m[38;2;156;73;87;48;2;142;69;84m▃[0m[38;2;164;74;85;48;2;148;73;85m▃[0m[38;2;160;72;84;48;2;147;70;85m▄[0m[38;2;162;74;84;48;2;144;69;85m▄[0m[38;2;156;72;83;48;2;144;70;85m▃[0m[38;2;142;69;85;48;2;132;64;86m▌[0m[38;2;127;64;83;48;2;131;67;84m━[0m[38;2;128;65;84;48;2;123;62;83m▋[0m[38;2;112;57;82;48;2;117;62;82m▝[0m[38;2;128;64;81;48;2;117;61;83m▂[0m[38;2;135;64;82;48;2;127;63;82m▅[0m[38;2;139;66;83;48;2;128;63;80m▅[0m[38;2;138;66;85;48;2;134;65;83m▂[0m[38;2;130;66;83;48;2;133;64;82m▗[0m[38;2;128;65;83;48;2;130;64;82m╼[0m[38;2;131;64;81;48;2;126;63;81m▂[0m[38;2;130;64;80;48;2;119;59;79m▂[0m[38;2;122;62;83;48;2;117;59;83m▂[0m[38;2;115;60;81;48;2;109;58;81m▋[0m[38;2;113;59;82;48;2;106;57;79m▂[0m[38;2;108;57;79;48;2;108;56;78m▃[0m
[0m[38;2;131;69;90;48;2;120;65;88m▅[0m[38;2;127;68;90;48;2;119;66;87m▄[0m[38;2;127;68;90;48;2;121;67;88m▃[0m[38;2;126;68;88;48;2;122;66;88m▄[0m[38;2;126;69;88;48;2;127;69;88m▍[0m[38;2;128;69;89;48;2;132;70;89m▋[0m[38;2;135;69;87;48;2;144;71;91m▌[0m[38;2;145;73;87;48;2;151;74;87m▃[0m[38;2;155;76;89;48;2;146;73;89m━[0m[38;2;155;76;90;48;2;147;73;90m━[0m[38;2;154;74;89;48;2;147;73;88m┯[0m[38;2;150;74;90;48;2;146;73;89m▆[0m[38;2;156;76;90;48;2;148;74;89m▂[0m[38;2;160;76;89;48;2;149;74;89m▂[0m[38;2;158;76;88;48;2;148;74;89m▃[0m[38;2;157;77;89;48;2;149;73;89m▄[0m[38;2;154;77;90;48;2;148;74;89m▃[0m[38;2;153;75;89;48;2;148;74;89m▂[0m[38;2;154;77;89;48;2;147;74;87m▂[0m[38;2;156;75;89;48;2;146;73;88m▃[0m[38;2;157;76;90;48;2;147;74;88m▄[0m[38;2;157;76;89;48;2;149;75;88m▅[0m[38;2;159;75;88;48;2;152;75;88m▄[0m[38;2;162;76;89;48;2;152;75;88m▃[0m[38;2;159;74;85;48;2;152;73;87m▂[0m[38;2;158;74;87;48;2;146;71;87m▂[0m[38;2;163;74;85;48;2;145;71;87m▃[0m[38;2;168;75;86;48;2;149;72;85m▄[0m[38;2;175;75;85;48;2;158;74;87m▅[0m[38;2;171;76;87;48;2;161;73;87m▆[0m[38;2;175;75;84;48;2;169;76;87m━[0m[38;2;174;77;85;48;2;167;75;85m▁[0m[38;2;171;77;86;48;2;167;75;86m▖[0m[38;2;171;76;87;48;2;166;74;85m━[0m[38;2;171;75;86;48;2;163;74;85m▆[0m[38;2;155;73;83;48;2;166;74;85m▂[0m[38;2;166;74;86;48;2;151;72;85m━[0m[38;2;140;67;83;48;2;147;69;84m▃[0m[38;2;137;66;84;48;2;131;66;83m▌[0m[38;2;135;66;84;48;2;129;66;83m▗[0m[38;2;142;69;84;48;2;135;65;83m▅[0m[38;2;140;68;85;48;2;143;68;84m▂[0m[38;2;141;68;85;48;2;145;69;82m▅[0m[38;2;147;70;83;48;2;139;67;85m▂[0m[38;2;136;65;83;48;2;141;66;82m━[0m[38;2;129;66;83;48;2;138;67;84m━[0m[38;2;129;65;84;48;2;134;66;82m▆[0m[38;2;127;63;82;48;2;123;62;81m▋[0m[38;2;115;60;82;48;2;119;61;81m┻[0m[38;2;116;61;83;48;2;114;59;82m▄[0m[38;2;111;59;81;48;2;108;59;80m▋[0m[38;2;103;59;80;48;2;106;58;80m▝[0m
[0m[38;2;135;70;90;48;2;134;69;89m▂[0m[38;2;134;71;90;48;2;131;70;88m▄[0m[38;2;137;71;89;48;2;132;71;89m▁[0m[38;2;133;71;89;48;2;129;70;90m▅[0m[38;2;134;71;90;48;2;129;69;88m▅[0m[38;2;140;72;91;48;2;133;71;89m▗[0m[38;2;145;73;91;48;2;137;73;90m▅[0m[38;2;153;76;90;48;2;146;73;90m▃[0m[38;2;160;78;92;48;2;146;73;90m▃[0m[38;2;168;77;91;48;2;148;74;87m▃[0m[38;2;173;78;89;48;2;155;75;90m▃[0m[38;2;177;79;89;48;2;158;76;92m▃[0m[38;2;176;80;90;48;2;161;77;90m▃[0m[38;2;183;80;88;48;2;162;78;91m▃[0m[38;2;190;80;87;48;2;162;76;89m▃[0m[38;2;198;80;84;48;2;163;78;90m▃[0m[38;2;193;78;83;48;2;169;77;88m▃[0m[38;2;199;81;85;48;2;169;79;91m▃[0m[38;2;199;83;87;48;2;168;78;87m▃[0m[38;2;196;81;84;48;2;172;79;89m▄[0m[38;2;195;80;85;48;2;168;77;85m▄[0m[38;2;189;78;84;48;2;168;77;87m▄[0m[38;2;188;78;84;48;2;167;78;87m▅[0m[38;2;190;78;85;48;2;168;78;86m▅[0m[38;2;190;78;84;48;2;170;78;88m▄[0m[38;2;185;77;85;48;2;168;77;86m▃[0m[38;2;180;77;85;48;2;169;78;87m▃[0m[38;2;183;77;84;48;2;173;77;86m▁[0m[38;2;191;77;85;48;2;182;77;83m╺[0m[38;2;194;79;85;48;2;183;76;85m┯[0m[38;2;168;77;87;48;2;190;77;85m▃[0m[38;2;168;76;85;48;2;189;77;83m▃[0m[38;2;167;75;86;48;2;173;77;86m▄[0m[38;2;167;75;86;48;2;165;75;85m▍[0m[38;2;161;74;86;48;2;157;74;86m▌[0m[38;2;154;74;87;48;2;150;70;84m▅[0m[38;2;151;72;86;48;2;144;70;85m▃[0m[38;2;145;73;85;48;2;140;68;85m▄[0m[38;2;143;71;85;48;2;134;67;86m▆[0m[38;2;145;72;85;48;2;139;68;85m▅[0m[38;2;145;71;84;48;2;143;71;85m▅[0m[38;2;150;72;87;48;2;145;70;85m▁[0m[38;2;153;72;86;48;2;145;71;84m▃[0m[38;2;156;72;86;48;2;147;71;85m▂[0m[38;2;153;73;86;48;2;146;71;83m▃[0m[38;2;147;70;84;48;2;140;68;84m▅[0m[38;2;142;69;84;48;2;134;65;81m▅[0m[38;2;139;66;85;48;2;131;66;84m▂[0m[38;2;137;65;84;48;2;125;66;81m▅[0m[38;2;143;67;83;48;2;123;61;81m▄[0m[38;2;129;62;81;48;2;115;59;80m▅[0m[38;2;122;61;79;48;2;111;59;82m▅[0m
[0m[38;2;153;75;88;48;2;146;72;90m▆[0m[38;2;153;75;89;48;2;146;72;90m▅[0m[38;2;151;75;90;48;2;145;72;91m▅[0m[38;2;144;73;91;48;2;141;71;89m┻[0m[38;2;140;73;92;48;2;136;73;90m▍[0m[38;2;136;72;89;48;2;140;73;91m▌[0m[38;2;146;73;90;48;2;154;75;90m▌[0m[38;2;150;76;91;48;2;157;77;91m▘[0m[38;2;160;79;92;48;2;166;78;90m▎[0m[38;2;178;80;89;48;2;171;79;89m▁[0m[38;2;178;81;90;48;2;172;80;89m▃[0m[38;2;176;80;89;48;2;172;79;89m▃[0m[38;2;172;81;89;48;2;170;79;88m▅[0m[38;2;170;80;89;48;2;176;80;87m━[0m[38;2;172;79;90;48;2;185;79;89m▆[0m[38;2;173;79;88;48;2;189;79;85m▆[0m[38;2;169;79;88;48;2;175;78;88m━[0m[38;2;170;78;89;48;2;176;79;88m━[0m[38;2;180;79;86;48;2;185;78;86m▌[0m[38;2;194;80;87;48;2;190;77;85m┏[0m[38;2;194;81;84;48;2;189;79;85m▅[0m[38;2;194;81;85;48;2;189;77;85m▆[0m[38;2;201;84;86;48;2;196;80;85m▂[0m[38;2;190;80;84;48;2;197;81;85m▁[0m[38;2;194;81;85;48;2;200;82;85m▃[0m[38;2;193;80;84;48;2;200;82;83m▂[0m[38;2;191;79;85;48;2;197;81;85m▝[0m[38;2;193;79;83;48;2;187;78;84m▄[0m[38;2;189;79;85;48;2;182;78;85m▆[0m[38;2;188;78;84;48;2;175;77;85m▃[0m[38;2;178;77;83;48;2;168;78;86m▄[0m[38;2;171;78;85;48;2;169;78;85m▄[0m[38;2;169;78;86;48;2;167;76;86m▂[0m[38;2;160;76;86;48;2;165;77;86m▝[0m[38;2;165;76;86;48;2;155;74;87m▃[0m[38;2;169;78;86;48;2;152;73;88m▃[0m[38;2;169;77;87;48;2;152;74;87m▃[0m[38;2;167;77;86;48;2;151;73;87m▄[0m[38;2;171;77;86;48;2;153;74;88m▆[0m[38;2;172;77;87;48;2;156;72;86m▆[0m[38;2;166;76;84;48;2;154;73;86m▆[0m[38;2;152;73;86;48;2;156;73;85m▗[0m[38;2;149;73;86;48;2;157;73;85m▅[0m[38;2;145;70;83;48;2;156;72;85m▆[0m[38;2;145;70;83;48;2;149;72;85m▆[0m[38;2;142;68;84;48;2;147;70;84m▂[0m[38;2;134;65;86;48;2;141;67;85m▂[0m[38;2;132;66;84;48;2;145;68;86m▃[0m[38;2;129;66;83;48;2;146;69;82m▄[0m[38;2;126;64;83;48;2;142;66;82m▆[0m[38;2;150;67;83;48;2;121;63;83m▂[0m[38;2;115;59;82;48;2;134;64;81m▗[0m
[0m[38;2;158;76;90;48;2;156;76;90m▅[0m[38;2;154;76;90;48;2;146;73;90m▌[0m[38;2;129;70;88;48;2;140;72;90m▅[0m[38;2;128;69;89;48;2;133;71;90m▅[0m[38;2;128;70;89;48;2;133;70;89m▆[0m[38;2;128;71;90;48;2;133;70;89m▄[0m[38;2;138;71;89;48;2;146;73;90m▃[0m[38;2;155;76;90;48;2;169;78;89m▂[0m[38;2;173;80;91;48;2;194;86;86m▌[0m[38;2;211;88;85;48;2;188;79;87m▅[0m[38;2;208;89;86;48;2;186;80;88m▂[0m[38;2;172;80;90;48;2;179;79;88m┯[0m[38;2;170;79;88;48;2;177;79;89m▆[0m[38;2;171;79;89;48;2;179;79;88m▆[0m[38;2;172;79;90;48;2;182;78;86m▆[0m[38;2;185;79;85;48;2;171;78;88m▂[0m[38;2;194;80;86;48;2;169;79;88m▂[0m[38;2;191;80;85;48;2;171;78;89m▃[0m[38;2;198;82;86;48;2;182;79;85m▃[0m[38;2;205;85;86;48;2;186;80;85m▃[0m[38;2;204;83;85;48;2;186;79;85m▄[0m[38;2;205;85;85;48;2;193;80;86m▃[0m[38;2;204;85;85;48;2;195;81;87m▃[0m[38;2;205;85;86;48;2;195;82;84m▅[0m[38;2;205;85;86;48;2;192;80;85m▆[0m[38;2;198;82;83;48;2;195;83;86m▆[0m[38;2;199;84;84;48;2;195;80;85m▅[0m[38;2;200;84;85;48;2;193;81;84m▅[0m[38;2;202;83;85;48;2;193;81;83m▄[0m[38;2;199;84;84;48;2;190;80;84m▃[0m[38;2;197;85;86;48;2;185;79;84m▄[0m[38;2;196;81;84;48;2;182;77;83m▄[0m[38;2;196;82;85;48;2;180;79;84m▅[0m[38;2;191;80;84;48;2;183;78;85m▆[0m[38;2;179;78;84;48;2;185;79;84m▃[0m[38;2;174;79;85;48;2;182;79;86m▅[0m[38;2;168;77;87;48;2;177;78;85m▆[0m[38;2;163;75;85;48;2;172;78;85m▆[0m[38;2;156;74;86;48;2;169;79;87m▆[0m[38;2;152;74;87;48;2;156;74;87m━[0m[38;2;151;75;87;48;2;149;73;86m▍[0m[38;2;144;72;86;48;2;147;72;87m▄[0m[38;2;139;72;89;48;2;147;72;87m▅[0m[38;2;133;70;87;48;2;142;71;85m▆[0m[38;2;131;68;85;48;2;133;69;86m╺[0m[38;2;132;69;86;48;2;131;68;85m▂[0m[38;2;130;68;85;48;2;129;68;86m▂[0m[38;2;130;67;86;48;2;126;66;85m▂[0m[38;2;187;75;81;48;2;126;65;89m▄[0m[38;2;196;74;79;48;2;145;69;86m▅[0m[38;2;158;70;82;48;2;129;63;82m▍[0m[38;2;125;62;80;48;2;113;61;83m▃[0m
[0m[38;2;139;71;89;48;2;153;76;90m▃[0m[38;2;136;71;88;48;2;146;72;92m▄[0m[38;2;135;71;89;48;2;132;71;89m▎[0m[38;2;129;70;90;48;2;126;68;90m▍[0m[38;2;120;67;91;48;2;124;68;89m▄[0m[38;2;118;68;90;48;2;126;69;90m▄[0m[38;2;123;69;89;48;2;130;70;89m▅[0m[38;2;131;70;88;48;2;144;74;92m▅[0m[38;2;149;73;90;48;2;161;77;91m▋[0m[38;2;172;79;90;48;2;193;81;86m▌[0m[38;2;205;86;85;48;2;229;100;82m▘[0m[38;2;207;90;86;48;2;231;100;83m▝[0m[38;2;201;83;85;48;2;173;80;88m▖[0m[38;2;194;82;84;48;2;180;79;87m▂[0m[38;2;195;79;86;48;2;187;80;85m▂[0m[38;2;195;80;85;48;2;187;79;85m▄[0m[38;2;198;81;86;48;2;194;81;87m▄[0m[38;2;205;85;86;48;2;196;80;84m▆[0m[38;2;218;90;83;48;2;208;85;84m┮[0m[38;2;219;93;86;48;2;208;85;85m┻[0m[38;2;188;79;82;48;2;210;86;85m▃[0m[38;2;197;82;85;48;2;211;87;82m▄[0m[38;2;206;86;85;48;2;202;83;86m▆[0m[38;2;206;86;86;48;2;201;84;87m▄[0m[38;2;211;87;87;48;2;203;85;86m╼[0m[38;2;182;78;84;48;2;209;87;84m▃[0m[38;2;189;80;85;48;2;205;85;84m▄[0m[38;2;189;83;84;48;2;207;85;86m▄[0m[38;2;189;80;84;48;2;210;85;84m▄[0m[38;2;193;83;86;48;2;207;84;85m▄[0m[38;2;190;79;85;48;2;200;84;83m▄[0m[38;2;185;78;84;48;2;198;83;86m▆[0m[38;2;178;77;86;48;2;191;81;85m▆[0m[38;2;170;78;86;48;2;178;78;85m━[0m[38;2;165;76;87;48;2;171;77;86m━[0m[38;2;173;79;87;48;2;168;77;86m▁[0m[38;2;169;77;87;48;2;166;76;86m▆[0m[38;2;168;77;86;48;2;160;74;85m▆[0m[38;2;163;75;87;48;2;158;74;87m▅[0m[38;2;151;74;88;48;2;157;73;88m▝[0m[38;2;156;74;88;48;2;146;74;88m▃[0m[38;2;153;75;88;48;2;143;72;89m▄[0m[38;2;152;74;88;48;2;138;71;88m━[0m[38;2;121;65;86;48;2;148;70;83m▄[0m[38;2;119;66;88;48;2;137;70;88m▄[0m[38;2;118;63;85;48;2;140;70;86m▄[0m[38;2;120;64;85;48;2;175;74;83m▄[0m[38;2;114;64;86;48;2;143;71;86m▄[0m[38;2;128;64;86;48;2;210;84;81m▅[0m[38;2;207;81;82;48;2;128;64;82m▘[0m[38;2;153;69;81;48;2;130;67;83m▗[0m[38;2;216;82;75;48;2;152;66;80m▄[0m
[0m[38;2;149;75;93;48;2;137;72;91m▅[0m[38;2;142;72;91;48;2;135;72;91m▅[0m[38;2;136;73;90;48;2;135;72;90m┉[0m[38;2;140;73;90;48;2;130;71;91m▄[0m[38;2;127;69;90;48;2;119;68;90m▍[0m[38;2;115;66;90;48;2;116;68;90m┗[0m[38;2;117;68;90;48;2;123;68;90m▘[0m[38;2;125;67;89;48;2;130;68;89m▋[0m[38;2;136;70;89;48;2;148;73;90m▋[0m[38;2;165;78;90;48;2;177;80;91m▌[0m[38;2;193;80;86;48;2;223;96;84m▌[0m[38;2;237;110;79;48;2;234;103;81m▘[0m[38;2;201;82;86;48;2;227;97;82m▝[0m[38;2;159;74;87;48;2;202;81;83m▗[0m[38;2;161;75;87;48;2;198;81;83m▅[0m[38;2;193;81;87;48;2;201;81;87m▍[0m[38;2;206;86;87;48;2;200;83;86m▄[0m[38;2;204;85;87;48;2;192;81;85m▖[0m[38;2;169;77;88;48;2;190;81;86m▅[0m[38;2;158;73;89;48;2;181;79;84m▆[0m[38;2;154;74;88;48;2;174;78;84m▆[0m[38;2;161;75;88;48;2;181;80;87m▅[0m[38;2;168;77;87;48;2;181;80;87m▅[0m[38;2;181;80;86;48;2;196;81;84m▇[0m[38;2;185;82;86;48;2;175;78;87m▃[0m[38;2;173;79;87;48;2;178;78;87m▅[0m[38;2;164;76;86;48;2;182;78;84m▃[0m[38;2;176;77;86;48;2;189;80;85m▁[0m[38;2;194;84;87;48;2;188;79;84m━[0m[38;2;185;77;83;48;2;190;81;85m▂[0m[38;2;195;81;85;48;2;189;78;84m╼[0m[38;2;184;78;86;48;2;190;79;85m▂[0m[38;2;191;78;84;48;2;187;78;84m┳[0m[38;2;181;78;86;48;2;188;78;84m▂[0m[38;2;180;77;85;48;2;187;78;84m▁[0m[38;2;188;79;84;48;2;184;77;84m┉[0m[38;2;171;74;87;48;2;183;78;85m▂[0m[38;2;169;73;84;48;2;175;77;86m▃[0m[38;2;166;74;84;48;2;170;77;87m▄[0m[38;2;164;75;85;48;2;160;74;87m▌[0m[38;2;149;73;86;48;2;157;73;86m┅[0m[38;2;145;70;86;48;2;132;70;87m▌[0m[38;2;124;66;87;48;2;119;66;86m▋[0m[38;2;117;65;87;48;2;112;65;85m▍[0m[38;2;117;65;87;48;2;110;65;86m [0m[38;2;108;65;85;48;2;111;64;86m▇[0m[38;2;110;62;84;48;2;111;63;85m▅[0m[38;2;112;64;86;48;2;111;63;85m╱[0m[38;2;111;61;86;48;2;115;61;85m▃[0m[38;2;127;65;83;48;2;117;62;85m▝[0m[38;2;118;62;83;48;2;130;66;83m▄[0m[38;2;110;59;85;48;2;171;69;80m▅[0m
[0m[38;2;116;67;90;48;2;136;73;90m▆[0m[38;2;113;67;88;48;2;148;74;91m▅[0m[38;2;115;67;91;48;2;147;74;92m▅[0m[38;2;112;67;89;48;2;129;70;90m▅[0m[38;2;111;66;87;48;2;116;67;89m▆[0m[38;2;115;67;89;48;2;119;67;89m▋[0m[38;2;123;68;90;48;2;127;70;89m▘[0m[38;2;127;70;89;48;2;128;69;89m▎[0m[38;2;143;73;89;48;2;133;70;88m▝[0m[38;2;149;73;88;48;2;169;78;89m▅[0m[38;2;180;80;87;48;2;196;80;86m▍[0m[38;2;164;76;88;48;2;216;91;86m▃[0m[38;2;144;72;88;48;2;219;88;83m▄[0m[38;2;146;73;87;48;2;166;77;87m▝[0m[38;2;151;72;86;48;2;187;81;88m▘[0m[38;2;219;91;86;48;2;209;86;87m▂[0m[38;2;218;89;84;48;2;210;85;85m▅[0m[38;2;215;89;83;48;2;206;87;88m▄[0m[38;2;191;82;87;48;2;170;78;87m▅[0m[38;2;179;79;88;48;2;163;75;85m▃[0m[38;2;193;82;85;48;2;170;78;86m▄[0m[38;2;203;86;85;48;2;172;78;90m▅[0m[38;2;203;84;86;48;2;184;79;86m▆[0m[38;2;194;81;85;48;2;185;80;87m▃[0m[38;2;171;78;87;48;2;178;79;86m▝[0m[38;2;181;77;85;48;2;169;75;86m┮[0m[38;2;155;73;85;48;2;167;76;87m▖[0m[38;2;189;79;85;48;2;173;77;85m▆[0m[38;2;151;74;87;48;2;182;79;84m▗[0m[38;2;156;74;89;48;2;178;78;86m▆[0m[38;2;144;72;89;48;2;173;80;87m▄[0m[38;2;138;69;87;48;2;171;79;87m▄[0m[38;2;150;72;86;48;2;178;78;84m▅[0m[38;2;173;77;85;48;2;163;76;87m▗[0m[38;2;168;76;86;48;2;170;76;86m▚[0m[38;2;168;74;84;48;2;172;76;85m▝[0m[38;2;177;76;84;48;2;169;76;86m▄[0m[38;2;191;73;77;48;2;168;74;83m▃[0m[38;2;199;84;83;48;2;172;75;83m▂[0m[38;2;170;74;86;48;2;161;72;84m▅[0m[38;2;205;87;82;48;2;157;72;84m▅[0m[38;2;181;79;86;48;2;144;70;87m▖[0m[38;2;128;68;86;48;2;119;67;88m▍[0m[38;2;113;64;85;48;2;110;64;85m▌[0m[38;2;108;63;86;48;2;109;64;87m▇[0m[38;2;110;62;84;48;2;108;63;85m┌[0m[38;2;115;63;86;48;2;112;63;85m▗[0m[38;2;114;62;85;48;2;111;62;84m▆[0m[38;2;109;61;83;48;2;112;62;84m▂[0m[38;2;106;60;83;48;2;112;63;84m▂[0m[38;2;108;60;82;48;2;104;59;80m▍[0m[38;2;99;57;81;48;2;101;58;81m▗[0m
[0m[38;2;105;66;90;48;2;109;66;90m▄[0m[38;2;109;67;90;48;2;108;67;89m╶[0m[38;2;109;66;91;48;2;110;66;90m▊[0m[38;2;112;66;89;48;2;110;66;89m▁[0m[38;2;124;69;89;48;2;112;66;89m▗[0m[38;2;124;70;90;48;2;131;69;88m▘[0m[38;2;131;70;90;48;2;128;69;89m▗[0m[38;2;129;68;90;48;2;127;69;89m┮[0m[38;2;136;72;89;48;2;129;69;89m▝[0m[38;2;129;70;90;48;2;146;74;90m▃[0m[38;2;143;74;91;48;2;166;79;90m▅[0m[38;2;118;66;90;48;2;134;70;90m▄[0m[38;2;125;68;88;48;2;133;71;88m▋[0m[38;2;145;72;87;48;2;169;78;88m▆[0m[38;2;154;75;91;48;2;190;82;87m▃[0m[38;2;164;78;89;48;2;207;89;87m▃[0m[38;2;175;82;89;48;2;216;89;84m▃[0m[38;2;172;78;87;48;2;196;80;84m▄[0m[38;2;173;80;90;48;2;199;86;85m▖[0m[38;2;225;96;84;48;2;208;88;86m▄[0m[38;2;173;77;89;48;2;208;86;83m▗[0m[38;2;178;81;88;48;2;205;87;85m▅[0m[38;2;173;79;89;48;2;184;80;87m▆[0m[38;2;181;81;87;48;2;170;78;85m▌[0m[38;2;158;76;88;48;2;172;77;88m▃[0m[38;2;136;70;89;48;2;152;74;88m▃[0m[38;2;164;77;84;48;2;147;72;89m▝[0m[38;2;138;69;87;48;2;175;76;90m▄[0m[38;2;152;73;86;48;2;135;71;87m▘[0m[38;2;139;70;88;48;2;133;68;87m▗[0m[38;2;147;72;88;48;2;132;69;86m▅[0m[38;2;144;70;87;48;2;131;68;87m▅[0m[38;2;147;72;88;48;2;162;74;86m▘[0m[38;2;163;74;84;48;2;173;76;84m▃[0m[38;2;174;76;84;48;2;181;77;84m▁[0m[38;2;164;74;86;48;2;177;76;85m▁[0m[38;2;175;76;84;48;2;221;93;82m▊[0m[38;2;192;78;82;48;2;236;108;76m▂[0m[38;2;169;77;87;48;2;233;101;78m▄[0m[38;2;196;81;83;48;2;145;71;88m▘[0m[38;2;133;70;89;48;2;148;72;87m▆[0m[38;2;136;70;86;48;2;121;66;88m▘[0m[38;2;118;66;86;48;2;115;65;87m▘[0m[38;2;112;64;86;48;2;110;65;86m▌[0m[38;2;109;64;86;48;2;108;63;85m╾[0m[38;2;111;62;85;48;2;108;63;84m▃[0m[38;2;111;62;84;48;2;112;63;85m╺[0m[38;2;106;61;84;48;2;111;63;84m▃[0m[38;2;109;61;83;48;2;104;59;85m▘[0m[38;2;103;59;84;48;2;101;59;83m▘[0m[38;2;101;59;83;48;2;100;58;82m▋[0m[38;2;100;58;82;48;2;99;57;81m▏[0m
[0m[38;2;103;65;89;48;2;104;66;88m▘[0m[38;2;109;65;88;48;2;108;66;90m▄[0m[38;2;109;65;88;48;2;113;65;88m▌[0m[38;2;122;66;89;48;2;117;66;90m▃[0m[38;2;117;66;89;48;2;126;68;91m▅[0m[38;2;116;67;89;48;2;127;69;88m▅[0m[38;2;120;67;90;48;2;127;68;91m▄[0m[38;2;118;66;89;48;2;126;68;90m▅[0m[38;2;113;65;87;48;2;121;68;90m▅[0m[38;2;111;66;87;48;2;116;67;89m▅[0m[38;2;111;66;88;48;2;118;66;89m▆[0m[38;2;114;66;88;48;2;119;66;89m▍[0m[38;2;127;68;88;48;2;136;72;89m▍[0m[38;2;134;71;88;48;2;142;72;90m▄[0m[38;2;134;71;88;48;2;145;72;90m▃[0m[38;2;139;71;90;48;2;152;75;91m▃[0m[38;2;146;73;90;48;2;150;76;90m▊[0m[38;2;146;73;88;48;2;152;75;93m▅[0m[38;2;136;72;88;48;2;151;74;88m▂[0m[38;2;149;73;89;48;2;197;84;88m▅[0m[38;2;178;81;89;48;2;155;74;86m▘[0m[38;2;152;75;89;48;2;173;78;89m▄[0m[38;2;155;73;89;48;2;189;81;86m▃[0m[38;2;172;78;85;48;2;151;73;87m▘[0m[38;2;130;68;85;48;2;149;73;90m▆[0m[38;2;120;66;87;48;2;131;67;87m▆[0m[38;2;117;65;87;48;2;128;66;86m▆[0m[38;2;118;66;88;48;2;122;65;87m▆[0m[38;2;121;67;88;48;2;129;67;86m▋[0m[38;2;135;69;86;48;2;145;71;86m▋[0m[38;2;165;77;85;48;2;146;72;89m▂[0m[38;2;145;72;87;48;2;157;74;89m▗[0m[38;2;145;69;86;48;2;168;77;87m▄[0m[38;2;151;73;87;48;2;162;75;86m▄[0m[38;2;142;69;86;48;2;164;76;89m▂[0m[38;2;156;70;86;48;2;168;76;86m▋[0m[38;2;204;85;86;48;2;171;76;87m╼[0m[38;2;170;71;78;48;2;148;70;85m▝[0m[38;2;174;77;85;48;2;141;72;87m▘[0m[38;2;142;69;86;48;2;137;68;87m▘[0m[38;2;132;67;87;48;2;126;66;87m▌[0m[38;2;121;66;87;48;2;117;64;86m▘[0m[38;2;115;66;87;48;2;111;64;86m▍[0m[38;2;109;64;85;48;2;111;63;85m▅[0m[38;2;108;63;84;48;2;110;63;85m┻[0m[38;2;108;63;84;48;2;112;64;85m▆[0m[38;2;109;62;84;48;2;107;60;84m▘[0m[38;2;105;59;84;48;2;103;59;84m▍[0m[38;2;101;59;83;48;2;102;59;83m┷[0m[38;2;101;57;83;48;2;101;58;81m▍[0m[38;2;100;58;80;48;2;101;59;81m┊[0m[38;2;103;58;81;48;2;101;58;80m▂[0m
[0m[38;2;115;65;89;48;2;109;65;87m▂[0m[38;2;123;66;89;48;2;114;66;88m▗[0m[38;2;131;69;90;48;2;122;66;89m▅[0m[38;2;126;67;87;48;2;115;66;88m▘[0m[38;2;109;65;88;48;2;113;66;88m▆[0m[38;2;109;65;88;48;2;114;66;88m▅[0m[38;2;110;66;88;48;2;115;67;89m▅[0m[38;2;112;66;88;48;2;115;67;89m▆[0m[38;2;112;66;88;48;2;112;67;88m [0m[38;2;120;67;89;48;2;112;67;88m▗[0m[38;2;120;66;89;48;2;114;67;89m▄[0m[38;2;123;68;91;48;2;128;69;89m▍[0m[38;2;123;68;89;48;2;129;68;89m▃[0m[38;2;122;68;91;48;2;128;70;90m▅[0m[38;2;122;67;89;48;2;128;70;90m▄[0m[38;2;129;68;89;48;2;140;72;89m▂[0m[38;2;140;72;88;48;2;170;78;89m▃[0m[38;2;163;78;89;48;2;131;69;88m▘[0m[38;2;124;67;89;48;2;127;68;88m▄[0m[38;2;133;69;88;48;2;127;68;88m▗[0m[38;2;146;73;90;48;2;133;68;89m▂[0m[38;2;143;70;87;48;2;153;77;90m▘[0m[38;2;155;76;90;48;2;148;75;89m▌[0m[38;2;139;70;90;48;2;127;68;86m▍[0m[38;2;121;66;88;48;2;120;67;87m▌[0m[38;2;120;66;85;48;2;119;66;88m▄[0m[38;2;123;65;87;48;2;118;66;88m▄[0m[38;2;127;67;88;48;2;120;65;87m▄[0m[38;2;138;69;87;48;2;130;68;85m▂[0m[38;2;180;78;84;48;2;155;74;87m▗[0m[38;2;198;80;83;48;2;188;81;85m▊[0m[38;2;173;77;87;48;2;160;73;87m▌[0m[38;2;161;74;86;48;2;149;73;86m▃[0m[38;2;166;76;88;48;2;140;69;87m▄[0m[38;2;139;69;87;48;2;133;67;84m▄[0m[38;2;134;70;89;48;2;149;70;87m▆[0m[38;2;132;69;88;48;2;140;71;86m▆[0m[38;2;131;67;86;48;2;136;70;88m▆[0m[38;2;128;66;87;48;2;131;67;86m▅[0m[38;2;130;67;86;48;2;126;66;85m▊[0m[38;2;122;65;85;48;2;117;65;87m▌[0m[38;2;116;64;86;48;2;114;65;86m▍[0m[38;2;112;65;85;48;2;109;63;84m▍[0m[38;2;109;64;85;48;2;108;63;84m╸[0m[38;2;108;63;84;48;2;110;62;84m┻[0m[38;2;110;62;84;48;2;107;62;83m▊[0m[38;2;107;62;83;48;2;105;60;83m▋[0m[38;2;106;60;83;48;2;104;58;84m▖[0m[38;2;102;58;83;48;2;104;59;82m▝[0m[38;2;106;58;81;48;2;102;58;82m▅[0m[38;2;106;58;80;48;2;104;57;81m▅[0m[38;2;111;58;82;48;2;107;58;80m▃[0m
[0m[38;2;138;70;89;48;2;119;67;89m▃[0m[38;2;125;67;88;48;2;132;70;87m▚[0m[38;2;129;68;88;48;2;116;67;88m▘[0m[38;2;115;67;89;48;2;109;65;88m▘[0m[38;2;115;67;89;48;2;108;65;88m [0m[38;2;115;67;89;48;2;108;65;88m [0m[38;2;108;64;87;48;2;109;65;88m▖[0m[38;2;111;66;89;48;2;113;66;88m▘[0m[38;2;115;66;88;48;2;114;66;88m╍[0m[38;2;118;67;89;48;2;115;66;88m▝[0m[38;2;115;66;88;48;2;121;68;89m▄[0m[38;2;115;67;89;48;2;122;68;88m▆[0m[38;2;115;66;88;48;2;121;67;90m▅[0m[38;2;115;66;88;48;2;116;67;89m╻[0m[38;2;120;66;89;48;2;124;67;89m▌[0m[38;2;128;68;88;48;2;130;68;89m▋[0m[38;2;128;69;89;48;2;126;67;88m▌[0m[38;2;120;66;87;48;2;125;67;89m▂[0m[38;2;123;67;88;48;2;125;68;87m▊[0m[38;2;136;70;87;48;2;127;67;87m▝[0m[38;2;132;69;87;48;2;145;73;88m▅[0m[38;2;132;69;88;48;2;147;72;88m▄[0m[38;2;131;68;89;48;2;145;73;87m▅[0m[38;2;132;68;89;48;2;126;68;86m▘[0m[38;2;121;67;87;48;2;123;66;87m┻[0m[38;2;123;65;85;48;2;124;66;86m▎[0m[38;2;124;67;86;48;2;125;66;86m▖[0m[38;2;126;65;86;48;2;130;67;86m▄[0m[38;2;130;68;86;48;2;147;72;88m▃[0m[38;2;130;66;85;48;2;186;77;83m▅[0m[38;2;146;70;86;48;2;181;78;86m▆[0m[38;2;143;70;86;48;2;153;72;88m▇[0m[38;2;137;70;87;48;2;154;72;86m▆[0m[38;2;133;68;85;48;2;145;70;86m▅[0m[38;2;129;67;88;48;2;135;70;88m▄[0m[38;2;126;67;87;48;2;130;68;87m▅[0m[38;2;127;66;87;48;2;125;66;86m▘[0m[38;2;121;66;85;48;2;124;65;87m▄[0m[38;2;121;66;87;48;2;124;67;86m▆[0m[38;2;122;65;87;48;2;121;65;84m▌[0m[38;2;120;65;84;48;2;119;65;86m▌[0m[38;2;116;64;86;48;2;114;65;86m▌[0m[38;2;112;64;85;48;2;111;63;85m▌[0m[38;2;113;62;85;48;2;111;63;85m▄[0m[38;2;111;62;84;48;2;109;61;83m▄[0m[38;2;110;61;83;48;2;107;62;83m▖[0m[38;2;108;61;83;48;2;109;60;83m▏[0m[38;2;109;60;82;48;2;108;60;83m▄[0m[38;2;108;59;81;48;2;107;59;81m▇[0m[38;2;111;59;81;48;2;108;59;81m▄[0m[38;2;120;60;80;48;2;113;59;82m▗[0m[38;2;146;66;80;48;2;125;60;81m▗[0m
[0m[38;2;151;74;88;48;2;139;70;88m▖[0m[38;2;129;68;86;48;2;121;66;88m▌[0m[38;2;114;66;88;48;2;110;65;86m▋[0m[38;2;108;64;85;48;2;108;64;87m▎[0m[38;2;106;64;86;48;2;107;64;87m╷[0m[38;2;106;64;86;48;2;108;64;87m [0m[38;2;108;64;88;48;2;108;64;87m┼[0m[38;2;108;64;87;48;2;112;66;88m▅[0m[38;2;109;66;86;48;2;111;66;87m▆[0m[38;2;109;66;86;48;2;111;65;87m▇[0m[38;2;109;66;86;48;2;109;66;86m [0m[38;2;109;66;86;48;2;111;66;87m▅[0m[38;2;110;66;86;48;2;113;65;87m▄[0m[38;2;112;65;87;48;2;114;66;88m▖[0m[38;2;115;66;87;48;2;120;66;89m▄[0m[38;2;116;66;88;48;2;127;69;87m▄[0m[38;2;120;65;89;48;2;116;65;88m▘[0m[38;2;120;68;88;48;2;116;65;87m▝[0m[38;2;120;67;87;48;2;122;66;85m▌[0m[38;2;123;65;86;48;2;126;67;87m▘[0m[38;2;131;68;87;48;2;132;69;88m▊[0m[38;2;132;69;88;48;2;131;68;87m▘[0m[38;2;131;69;88;48;2;127;68;86m▅[0m[38;2;130;69;87;48;2;127;68;86m▅[0m[38;2;128;68;86;48;2;126;67;85m▖[0m[38;2;126;67;85;48;2;126;67;86m┰[0m[38;2;127;67;85;48;2;125;66;86m▁[0m[38;2;127;67;85;48;2;124;67;86m▃[0m[38;2;128;67;85;48;2;130;67;86m╸[0m[38;2;131;67;87;48;2;130;66;86m╺[0m[38;2;149;74;88;48;2;139;70;88m▝[0m[38;2;132;68;85;48;2;138;69;87m▗[0m[38;2;129;68;86;48;2;132;67;87m▆[0m[38;2;126;67;85;48;2;128;66;86m▗[0m[38;2;127;67;86;48;2;125;66;86m▘[0m[38;2;124;66;86;48;2;126;67;86m▆[0m[38;2;123;66;85;48;2;125;66;86m▇[0m[38;2;120;66;85;48;2;122;65;84m▗[0m[38;2;118;65;86;48;2;120;66;86m▃[0m[38;2;116;64;87;48;2;119;65;86m▅[0m[38;2;114;65;86;48;2;117;65;86m▅[0m[38;2;114;62;84;48;2;115;63;85m▗[0m[38;2;111;62;84;48;2;113;62;85m┒[0m[38;2;111;62;84;48;2;109;61;83m▌[0m[38;2;108;60;82;48;2;109;61;83m▆[0m[38;2;111;61;83;48;2;109;60;82m╺[0m[38;2;112;60;83;48;2;109;60;82m▖[0m[38;2;109;60;82;48;2;109;60;81m▘[0m[38;2;112;58;81;48;2;109;60;81m▗[0m[38;2;113;59;82;48;2;118;59;83m▌[0m[38;2;125;61;80;48;2;132;62;80m▌[0m[38;2;162;69;80;48;2;142;65;81m▝[0m
[0m[38;2;122;66;88;48;2;129;67;88m▆[0m[38;2;119;66;86;48;2;115;66;87m▍[0m[38;2;114;65;86;48;2;110;65;86m▍[0m[38;2;110;63;85;48;2;107;64;84m▂[0m[38;2;108;63;84;48;2;106;62;85m▄[0m[38;2;107;63;86;48;2;108;63;86m╵[0m[38;2;110;64;86;48;2;108;65;85m▂[0m[38;2;112;64;86;48;2;109;64;85m▂[0m[38;2;113;65;85;48;2;109;65;86m▃[0m[38;2;114;66;88;48;2;109;66;86m▄[0m[38;2;115;64;86;48;2;110;64;86m▄[0m[38;2;118;66;88;48;2;112;64;86m▄[0m[38;2;120;66;86;48;2;114;65;87m▄[0m[38;2;130;67;88;48;2;117;67;86m▃[0m[38;2;131;68;86;48;2;119;66;87m▄[0m[38;2;133;67;85;48;2;121;65;87m▄[0m[38;2;137;69;87;48;2;125;67;87m▃[0m[38;2;142;71;88;48;2;124;67;86m▃[0m[38;2;142;71;87;48;2;125;66;85m▃[0m[38;2;137;69;87;48;2;129;69;87m▃[0m[38;2;134;70;87;48;2;131;68;87m▃[0m[38;2;133;69;86;48;2;131;68;87m▄[0m[38;2;132;69;86;48;2;131;68;87m▁[0m[38;2;130;67;86;48;2;131;68;87m╏[0m[38;2;131;67;87;48;2;129;68;86m▖[0m[38;2;129;68;86;48;2;127;67;85m▅[0m[38;2;125;66;86;48;2;128;68;86m▗[0m[38;2;125;66;85;48;2;128;66;85m▅[0m[38;2;126;67;85;48;2;130;67;86m▆[0m[38;2;126;67;85;48;2;129;67;86m▄[0m[38;2;128;67;85;48;2;132;67;87m▅[0m[38;2;126;67;85;48;2;131;67;86m▄[0m[38;2;126;67;85;48;2;129;67;88m▆[0m[38;2;125;66;84;48;2;126;67;85m▖[0m[38;2;124;66;86;48;2;125;66;85m▄[0m[38;2;124;67;86;48;2;123;66;85m┯[0m[38;2;120;65;84;48;2;123;66;85m▅[0m[38;2;119;64;86;48;2;121;65;85m▆[0m[38;2;115;63;86;48;2;117;65;86m▗[0m[38;2;115;61;84;48;2;114;62;85m┍[0m[38;2;111;60;84;48;2;115;62;85m▄[0m[38;2;110;61;83;48;2;114;62;85m▃[0m[38;2;109;60;82;48;2;111;62;84m▅[0m[38;2;108;59;81;48;2;111;59;82m▄[0m[38;2;110;59;82;48;2;109;59;81m╿[0m[38;2;109;60;82;48;2;108;60;81m┕[0m[38;2;110;60;83;48;2;109;60;81m▘[0m[38;2;108;59;80;48;2;109;60;81m▅[0m[38;2;109;59;81;48;2;112;58;81m▏[0m[38;2;118;60;81;48;2;114;59;80m▝[0m[38;2;120;59;80;48;2;123;60;79m▌[0m[38;2;125;60;80;48;2;130;61;80m▇[0m
[0m[38;2;141;70;87;48;2;128;66;85m▃[0m[38;2;132;67;87;48;2;124;66;87m▄[0m[38;2;129;66;86;48;2;118;66;86m▄[0m[38;2;126;67;85;48;2;115;65;87m▄[0m[38;2;126;66;85;48;2;114;65;86m▃[0m[38;2;127;66;84;48;2;114;65;86m▃[0m[38;2;129;66;84;48;2;114;63;85m▃[0m[38;2;128;67;85;48;2;117;65;87m▃[0m[38;2;129;68;85;48;2;118;65;86m▄[0m[38;2;131;67;85;48;2;120;66;84m▃[0m[38;2;133;68;86;48;2;124;66;85m▃[0m[38;2;138;68;86;48;2;126;67;85m▂[0m[38;2;145;72;86;48;2;133;69;86m▗[0m[38;2;155;74;87;48;2;142;71;88m▅[0m[38;2;169;79;88;48;2;147;73;86m▅[0m[38;2;177;82;85;48;2;154;74;87m▄[0m[38;2;183;84;86;48;2;160;75;91m▃[0m[38;2;175;83;89;48;2;156;75;87m▂[0m[38;2;155;75;89;48;2;147;73;88m▖[0m[38;2;143;71;87;48;2;138;69;87m▌[0m[38;2;135;70;87;48;2;133;69;86m▍[0m[38;2;133;69;86;48;2;134;70;87m▏[0m[38;2;134;70;87;48;2;133;69;86m▖[0m[38;2;129;68;86;48;2;131;68;87m▗[0m[38;2;128;67;86;48;2;130;69;87m▆[0m[38;2;126;67;85;48;2;128;67;85m▅[0m[38;2;125;66;84;48;2;126;67;85m┐[0m[38;2;125;66;86;48;2;126;67;87m▂[0m[38;2;126;67;87;48;2;126;67;85m▏[0m[38;2;126;67;85;48;2;125;66;84m┙[0m[38;2;126;67;85;48;2;125;66;84m┫[0m[38;2;125;66;85;48;2;126;67;85m▅[0m[38;2;123;66;85;48;2;126;67;85m▄[0m[38;2;119;65;86;48;2;124;66;86m▅[0m[38;2;117;63;86;48;2;122;65;85m▄[0m[38;2;116;62;85;48;2;120;65;86m▄[0m[38;2;116;62;85;48;2;118;65;85m▄[0m[38;2;115;61;84;48;2;117;63;86m▄[0m[38;2;113;60;84;48;2;113;61;84m▃[0m[38;2;110;60;83;48;2;111;60;83m▗[0m[38;2;112;58;82;48;2;110;59;82m▖[0m[38;2;108;59;81;48;2;109;60;82m▄[0m[38;2;110;58;81;48;2;108;59;81m▁[0m[38;2;111;58;81;48;2;108;59;81m▃[0m[38;2;110;58;80;48;2;109;60;81m▅[0m[38;2;111;57;81;48;2;108;59;80m▅[0m[38;2;111;56;80;48;2;108;59;80m▄[0m[38;2;109;58;80;48;2;111;58;79m▊[0m[38;2;112;58;82;48;2;111;57;81m┢[0m[38;2;111;59;79;48;2;112;59;79m┫[0m[38;2;122;59;79;48;2;116;58;79m▝[0m[38;2;117;58;79;48;2;121;58;79m▂[0m
[0m[38;2;151;73;87;48;2;143;70;87m▎[0m[38;2;141;69;86;48;2;142;69;87m┊[0m[38;2;148;72;88;48;2;141;70;86m▅[0m[38;2;151;74;88;48;2;138;69;87m▆[0m[38;2;158;74;87;48;2;141;70;86m▄[0m[38;2;173;78;88;48;2;142;71;85m▄[0m[38;2;198;87;84;48;2;153;73;88m▃[0m[38;2;192;83;87;48;2;153;73;87m▄[0m[38;2;193;83;86;48;2;155;73;87m▄[0m[38;2;195;83;85;48;2;148;72;87m▄[0m[38;2;201;85;84;48;2;151;73;87m▄[0m[38;2;215;92;83;48;2;161;75;89m▄[0m[38;2;218;94;85;48;2;166;77;88m▄[0m[38;2;220;97;83;48;2;173;78;84m▅[0m[38;2;221;97;85;48;2;192;85;86m▅[0m[38;2;219;95;85;48;2;205;89;86m▆[0m[38;2;214;92;85;48;2;205;89;87m▌[0m[38;2;192;85;87;48;2;173;82;87m▍[0m[38;2;160;77;88;48;2;151;74;87m▌[0m[38;2;140;69;87;48;2;145;72;88m▝[0m[38;2;137;68;88;48;2;134;69;87m▌[0m[38;2;133;69;86;48;2;131;68;85m▍[0m[38;2;130;67;84;48;2;130;68;85m╈[0m[38;2;129;68;86;48;2;127;68;86m▍[0m[38;2;126;66;84;48;2;126;67;85m╴[0m[38;2;125;66;84;48;2;126;67;85m┏[0m[38;2;125;66;84;48;2;126;67;85m▂[0m[38;2;126;67;85;48;2;125;66;84m─[0m[38;2;126;67;85;48;2;125;66;84m [0m[38;2;124;65;85;48;2;124;65;84m▃[0m[38;2;124;65;85;48;2;124;66;84m▝[0m[38;2;122;65;84;48;2;123;65;85m▂[0m[38;2;122;65;84;48;2;120;64;85m▋[0m[38;2;118;63;84;48;2;118;64;85m▆[0m[38;2;120;63;83;48;2;116;63;83m▃[0m[38;2;116;62;83;48;2;116;61;84m┷[0m[38;2;116;61;82;48;2;114;60;84m▄[0m[38;2;116;60;81;48;2;114;60;83m▃[0m[38;2;115;60;82;48;2;113;59;82m▂[0m[38;2;116;60;84;48;2;113;59;82m▂[0m[38;2;115;59;82;48;2;111;59;81m▄[0m[38;2;118;59;80;48;2;112;58;81m▁[0m[38;2;118;57;80;48;2;112;58;81m▂[0m[38;2;116;58;80;48;2;112;58;81m▄[0m[38;2;121;59;79;48;2;114;58;82m▃[0m[38;2;122;59;80;48;2;113;58;81m▃[0m[38;2;121;59;80;48;2;113;59;80m▄[0m[38;2;118;59;79;48;2;112;58;80m▄[0m[38;2;117;58;78;48;2;112;58;79m▄[0m[38;2;119;59;79;48;2;113;57;79m▄[0m[38;2;116;59;78;48;2;113;58;79m▅[0m[38;2;119;58;78;48;2;116;58;79m▂[0m
[0m[38;2;184;80;87;48;2;148;72;87m▃[0m[38;2;181;79;86;48;2;145;71;86m▃[0m[38;2;177;80;85;48;2;154;74;88m▃[0m[38;2;167;78;85;48;2;180;84;87m▘[0m[38;2;164;76;87;48;2;167;78;87m▅[0m[38;2;197;84;84;48;2;172;80;86m▝[0m[38;2;184;80;85;48;2;209;89;85m▆[0m[38;2;204;88;86;48;2;218;92;86m▖[0m[38;2;225;98;84;48;2;219;95;85m▆[0m[38;2;228;102;84;48;2;219;95;84m▅[0m[38;2;226;101;84;48;2;223;99;85m▆[0m[38;2;228;103;86;48;2;224;100;85m▆[0m[38;2;226;100;85;48;2;222;99;84m▍[0m[38;2;217;93;84;48;2;221;98;86m▂[0m[38;2;197;88;86;48;2;221;95;86m▗[0m[38;2;194;83;86;48;2;207;90;88m━[0m[38;2;185;81;87;48;2;212;93;84m▅[0m[38;2;184;81;86;48;2;166;78;87m▘[0m[38;2;157;75;89;48;2;152;75;88m▍[0m[38;2;146;72;87;48;2;143;70;85m▊[0m[38;2;143;71;85;48;2;136;69;86m▂[0m[38;2;137;69;87;48;2;131;67;84m▃[0m[38;2;137;67;85;48;2;129;67;85m▂[0m[38;2;132;67;84;48;2;128;67;85m▁[0m[38;2;128;66;85;48;2;125;66;84m▂[0m[38;2;124;65;84;48;2;124;66;84m▗[0m[38;2;124;65;85;48;2;124;65;83m╶[0m[38;2;122;65;84;48;2;124;67;86m▆[0m[38;2;121;64;83;48;2;122;65;84m▗[0m[38;2;121;64;83;48;2;122;65;84m▇[0m[38;2;120;63;82;48;2;122;65;84m▅[0m[38;2;118;63;84;48;2;121;64;83m▄[0m[38;2;120;61;83;48;2;121;64;83m▄[0m[38;2;120;61;81;48;2;121;64;83m▄[0m[38;2;119;62;81;48;2;121;62;82m╾[0m[38;2;124;61;82;48;2;120;61;81m▃[0m[38;2;124;62;83;48;2;120;62;81m▄[0m[38;2;126;63;82;48;2;120;61;82m▄[0m[38;2;128;65;82;48;2;123;60;81m▄[0m[38;2;141;68;85;48;2;124;61;81m▂[0m[38;2;159;73;87;48;2;127;61;79m▃[0m[38;2;143;67;83;48;2;127;64;82m▃[0m[38;2;131;65;82;48;2;125;61;79m▄[0m[38;2;128;64;81;48;2;125;61;78m▄[0m[38;2;130;65;81;48;2;126;62;79m▃[0m[38;2;133;64;82;48;2;126;63;80m▁[0m[38;2;129;65;82;48;2;126;61;79m▁[0m[38;2;125;60;79;48;2;124;60;80m▃[0m[38;2;124;61;79;48;2;123;60;79m▃[0m[38;2;124;61;79;48;2;122;60;79m▂[0m[38;2;124;60;79;48;2;119;58;77m▆[0m[38;2;128;63;79;48;2;121;59;78m▄[0m
[0m[38;2;175;78;83;48;2;201;86;83m▂[0m[38;2;178;78;83;48;2;204;89;86m▂[0m[38;2;188;83;87;48;2;195;85;86m▃[0m[38;2;180;81;85;48;2;190;82;87m▝[0m[38;2;183;82;86;48;2;171;79;86m▄[0m[38;2;180;81;84;48;2;189;85;86m▋[0m[38;2;190;84;86;48;2;204;89;86m▂[0m[38;2;210;90;85;48;2;220;98;86m▃[0m[38;2;219;96;88;48;2;226;100;84m▄[0m[38;2;218;95;86;48;2;227;102;84m▃[0m[38;2;221;98;86;48;2;227;102;84m▄[0m[38;2;223;100;85;48;2;221;99;84m┹[0m[38;2;221;99;84;48;2;219;95;85m▅[0m[38;2;219;97;85;48;2;213;90;85m▋[0m[38;2;209;91;86;48;2;201;87;88m▄[0m[38;2;216;92;85;48;2;207;89;86m▄[0m[38;2;208;90;86;48;2;204;89;86m▊[0m[38;2;203;90;86;48;2;193;86;86m▆[0m[38;2;210;91;85;48;2;177;82;86m▄[0m[38;2;191;85;85;48;2;163;77;87m▅[0m[38;2;182;83;88;48;2;157;76;87m▅[0m[38;2;188;84;88;48;2;156;76;88m▅[0m[38;2;175;80;86;48;2;157;75;86m▄[0m[38;2;159;77;85;48;2;147;72;87m▅[0m[38;2;146;73;86;48;2;134;67;86m▆[0m[38;2;139;70;86;48;2;133;69;86m╸[0m[38;2;136;69;87;48;2;129;66;85m▂[0m[38;2;131;67;87;48;2;124;64;85m▅[0m[38;2;131;67;87;48;2;123;65;85m▄[0m[38;2;132;68;85;48;2;122;64;84m▄[0m[38;2;135;69;87;48;2;125;63;84m▃[0m[38;2;136;69;87;48;2;126;64;83m▃[0m[38;2;135;68;86;48;2;127;64;84m▄[0m[38;2;137;66;86;48;2;129;63;83m▃[0m[38;2;136;67;87;48;2;129;66;83m▃[0m[38;2;144;70;88;48;2;131;67;84m▂[0m[38;2;152;73;89;48;2;131;68;85m▄[0m[38;2;149;73;88;48;2;133;66;85m▅[0m[38;2;151;74;87;48;2;142;70;85m▆[0m[38;2;148;73;87;48;2;152;74;87m▃[0m[38;2;145;74;86;48;2;158;75;86m▃[0m[38;2;142;71;88;48;2;154;73;87m▃[0m[38;2;139;70;87;48;2;148;70;84m▂[0m[38;2;136;70;86;48;2;144;70;83m▂[0m[38;2;134;69;86;48;2;143;70;83m▂[0m[38;2;130;68;86;48;2;141;69;85m▁[0m[38;2;146;70;86;48;2;134;70;85m━[0m[38;2;143;68;84;48;2;130;66;83m━[0m[38;2;124;64;82;48;2;130;66;82m▂[0m[38;2;118;61;81;48;2;128;65;81m▂[0m[38;2;110;57;78;48;2;124;62;79m▂[0m[38;2;104;55;77;48;2;123;61;79m▃[0m
[0m[38;2;148;70;82;48;2;162;74;84m▆[0m[38;2;155;72;84;48;2;166;75;85m▆[0m[38;2;164;73;84;48;2;169;76;85m▍[0m[38;2;173;78;87;48;2;182;80;84m▅[0m[38;2;170;78;88;48;2;179;80;87m▄[0m[38;2;164;75;84;48;2;168;77;87m┗[0m[38;2;191;83;83;48;2;170;78;87m▝[0m[38;2;181;81;86;48;2;206;87;87m▃[0m[38;2;197;84;86;48;2;209;88;86m▄[0m[38;2;202;85;87;48;2;210;86;86m╾[0m[38;2;213;90;84;48;2;217;90;84m┛[0m[38;2;213;89;86;48;2;209;89;87m▍[0m[38;2;205;88;88;48;2;218;95;88m▇[0m[38;2;219;90;86;48;2;205;90;90m▁[0m[38;2;218;88;89;48;2;193;88;89m▂[0m[38;2;216;90;87;48;2;194;88;88m▂[0m[38;2;213;90;89;48;2;194;89;91m▂[0m[38;2;212;89;89;48;2;194;90;92m▁[0m[38;2;192;88;89;48;2;197;87;90m━[0m[38;2;183;85;94;48;2;190;84;89m▗[0m[38;2;177;84;91;48;2;185;85;89m▄[0m[38;2;187;84;90;48;2;171;83;90m▘[0m[38;2;157;79;92;48;2;172;82;89m▅[0m[38;2;160;78;90;48;2;151;78;92m▘[0m[38;2;154;77;90;48;2;149;73;87m▄[0m[38;2;162;77;93;48;2;143;72;90m▄[0m[38;2;160;76;91;48;2;141;71;90m▅[0m[38;2;159;78;94;48;2;143;72;90m▅[0m[38;2;160;79;92;48;2;145;72;90m▄[0m[38;2;164;79;92;48;2;143;72;90m▄[0m[38;2;157;74;89;48;2;143;71;89m▅[0m[38;2;157;74;89;48;2;143;71;87m▄[0m[38;2;148;71;89;48;2;138;69;88m▆[0m[38;2;156;72;87;48;2;140;69;88m▅[0m[38;2;157;73;89;48;2;143;71;88m▅[0m[38;2;145;70;89;48;2;156;72;88m▗[0m[38;2;142;69;89;48;2;157;74;89m▄[0m[38;2;133;69;86;48;2;154;73;88m▅[0m[38;2;126;67;89;48;2;145;72;89m▅[0m[38;2;121;67;90;48;2;138;70;89m▆[0m[38;2;119;67;89;48;2;132;69;89m▆[0m[38;2;116;67;89;48;2;124;69;90m▅[0m[38;2;114;67;88;48;2;123;69;88m▅[0m[38;2;114;66;88;48;2;123;68;88m▆[0m[38;2;115;67;89;48;2;124;67;88m▇[0m[38;2;108;64;87;48;2;117;66;87m▄[0m[38;2;99;61;85;48;2;117;68;88m▄[0m[38;2;92;58;85;48;2;116;66;86m▅[0m[38;2;86;56;80;48;2;107;60;82m▅[0m[38;2;80;54;81;48;2;106;59;81m▆[0m[38;2;76;52;79;48;2;93;52;77m▅[0m[38;2;69;45;74;48;2;86;51;77m▅[0m
[0m[38;2;196;81;84;48;2;146;68;81m▂[0m[38;2;140;69;86;48;2;162;72;86m▅[0m[38;2;142;70;86;48;2;165;74;85m▃[0m[38;2;151;73;87;48;2;172;78;87m▄[0m[38;2;163;77;86;48;2;178;80;87m▃[0m[38;2;198;85;87;48;2;173;80;89m━[0m[38;2;188;85;87;48;2;173;80;88m▅[0m[38;2;201;85;86;48;2;175;81;91m▄[0m[38;2;217;88;87;48;2;193;84;87m▃[0m[38;2;215;87;84;48;2;199;86;87m▃[0m[38;2;219;89;84;48;2;212;86;85m▄[0m[38;2;224;92;86;48;2;220;88;84m▂[0m[38;2;224;94;83;48;2;222;91;86m▂[0m[38;2;220;88;85;48;2;222;90;85m╴[0m[38;2;225;92;85;48;2;220;88;84m▁[0m[38;2;218;86;86;48;2;210;86;88m▋[0m[38;2;200;88;89;48;2;224;92;88m▇[0m[38;2;199;84;88;48;2;219;90;89m▆[0m[38;2;198;89;89;48;2;207;88;89m▆[0m[38;2;212;91;92;48;2;204;89;93m▗[0m[38;2;221;96;91;48;2;194;88;94m▖[0m[38;2;176;84;94;48;2;164;80;96m┛[0m[38;2;138;73;91;48;2;154;79;95m▄[0m[38;2;141;73;92;48;2;157;80;96m▃[0m[38;2;172;82;95;48;2;156;78;92m▅[0m[38;2;174;81;93;48;2;158;79;93m▄[0m[38;2;177;82;93;48;2;162;78;93m▄[0m[38;2;180;84;93;48;2;166;80;93m▄[0m[38;2;180;84;93;48;2;169;79;94m▆[0m[38;2;180;83;94;48;2;175;82;92m┳[0m[38;2;165;79;92;48;2;173;82;93m▝[0m[38;2;169;80;93;48;2;158;77;90m▃[0m[38;2;160;77;93;48;2;146;72;88m▄[0m[38;2;155;75;90;48;2;139;71;89m▖[0m[38;2;190;82;89;48;2;135;67;88m▝[0m[38;2;189;83;88;48;2;130;67;88m▘[0m[38;2;131;69;89;48;2;128;68;89m▚[0m[38;2;129;70;90;48;2;123;68;90m▄[0m[38;2;127;69;91;48;2;121;67;91m▄[0m[38;2;127;69;92;48;2;119;66;90m▃[0m[38;2;127;69;92;48;2;116;67;90m▄[0m[38;2;125;68;93;48;2;116;68;90m▅[0m[38;2;128;70;90;48;2;117;69;91m▅[0m[38;2;127;70;92;48;2;119;68;91m▄[0m[38;2;122;68;91;48;2;115;67;89m▅[0m[38;2;117;66;89;48;2;108;64;87m▅[0m[38;2;110;64;90;48;2;100;62;86m▆[0m[38;2;105;63;87;48;2;93;59;84m▄[0m[38;2;97;62;86;48;2;86;56;84m▄[0m[38;2;90;61;84;48;2;80;54;81m▄[0m[38;2;85;57;83;48;2;76;52;79m▄[0m[38;2;76;51;80;48;2;69;46;75m▅[0m
[0m[38;2;173;75;82;48;2;132;66;84m▝[0m[38;2;113;63;85;48;2;157;72;84m▅[0m[38;2;109;64;85;48;2;153;74;91m▅[0m[38;2;118;65;88;48;2;149;76;90m▅[0m[38;2;133;68;85;48;2;160;77;88m▖[0m[38;2;182;80;87;48;2;172;76;86m▗[0m[38;2;191;80;86;48;2;180;80;86m▆[0m[38;2;208;83;85;48;2;189;82;84m▄[0m[38;2;211;83;84;48;2;198;84;85m▄[0m[38;2;213;85;84;48;2;221;90;85m▆[0m[38;2;214;87;81;48;2;225;92;84m▅[0m[38;2;212;87;85;48;2;224;94;86m▅[0m[38;2;198;85;91;48;2;225;93;84m▄[0m[38;2;199;83;84;48;2;224;94;87m▃[0m[38;2;179;79;86;48;2;226;94;86m▃[0m[38;2;187;82;88;48;2;225;94;86m▃[0m[38;2;223;90;84;48;2;220;88;86m▚[0m[38;2;217;89;88;48;2;211;87;89m▍[0m[38;2;242;106;82;48;2;208;88;89m▗[0m[38;2;246;119;79;48;2;222;95;85m▋[0m[38;2;190;85;89;48;2;154;75;91m▍[0m[38;2;129;70;92;48;2;120;67;89m▌[0m[38;2;153;77;94;48;2;122;69;92m▗[0m[38;2;167;81;94;48;2;144;73;91m▅[0m[38;2;160;81;97;48;2;167;80;93m▂[0m[38;2;164;82;97;48;2;174;82;93m▅[0m[38;2;165;81;96;48;2;173;83;92m▆[0m[38;2;168;82;95;48;2;179;85;94m▆[0m[38;2;166;82;95;48;2;175;83;93m▅[0m[38;2;165;81;96;48;2;174;81;92m▄[0m[38;2;164;83;94;48;2;172;82;92m▃[0m[38;2;174;80;94;48;2;168;81;92m━[0m[38;2;173;82;93;48;2;164;81;94m╾[0m[38;2;161;79;93;48;2;158;77;92m┱[0m[38;2;156;77;92;48;2;146;73;93m▅[0m[38;2;152;76;90;48;2;139;71;90m▄[0m[38;2;145;73;90;48;2;129;67;88m▃[0m[38;2;140;70;88;48;2;144;73;91m▍[0m[38;2;147;75;93;48;2;137;71;91m▅[0m[38;2;147;76;94;48;2;138;72;92m┳[0m[38;2;48;25;52;48;2;134;71;91m▃[0m[38;2;14;12;39;48;2;105;56;80m▅[0m[38;2;13;11;39;48;2;108;63;84m▆[0m[38;2;17;16;43;48;2;125;71;93m▖[0m[38;2;88;55;77;48;2;122;69;92m▖[0m[38;2;122;66;90;48;2;116;69;91m▃[0m[38;2;114;67;89;48;2;111;66;90m━[0m[38;2;112;66;88;48;2;109;66;88m┳[0m[38;2;107;64;85;48;2;99;64;86m▍[0m[38;2;32;23;51;48;2;94;63;87m▂[0m[38;2;19;13;41;48;2;87;59;83m▄[0m[38;2;82;58;83;48;2;77;54;83m▋[0m
[0m[38;2;93;56;81;48;2;109;60;84m▄[0m[38;2;104;60;83;48;2;111;62;84m▃[0m[38;2;109;61;83;48;2;106;62;84m▍[0m[38;2;107;62;84;48;2;113;62;87m▋[0m[38;2;178;78;83;48;2;129;67;89m▝[0m[38;2;148;72;86;48;2;187;78;86m▂[0m[38;2;238;104;82;48;2;194;79;81m┱[0m[38;2;194;79;83;48;2;189;78;84m▗[0m[38;2;186;81;85;48;2;174;78;85m▌[0m[38;2;149;69;87;48;2;198;83;84m▆[0m[38;2;140;70;88;48;2;181;80;85m▄[0m[38;2;147;72;89;48;2;189;82;92m▂[0m[38;2;152;74;90;48;2;189;81;87m▖[0m[38;2;190;82;84;48;2;209;84;83m▃[0m[38;2;217;88;85;48;2;187;82;87m▆[0m[38;2;228;96;83;48;2;199;86;84m▖[0m[38;2;192;84;88;48;2;226;95;84m▂[0m[38;2;222;92;88;48;2;188;79;87m▌[0m[38;2;143;70;88;48;2;201;87;86m▅[0m[38;2;149;74;90;48;2;210;89;89m▄[0m[38;2;156;76;89;48;2;133;70;88m▘[0m[38;2;131;71;90;48;2;128;69;89m▃[0m[38;2;124;68;92;48;2;111;65;89m▖[0m[38;2;106;66;90;48;2;119;68;92m▆[0m[38;2;154;78;95;48;2;104;66;92m▝[0m[38;2;126;73;92;48;2;175;85;96m▂[0m[38;2;130;68;91;48;2;171;84;96m▃[0m[38;2;196;87;92;48;2;175;85;97m▄[0m[38;2;195;85;90;48;2;174;84;95m▃[0m[38;2;185;85;89;48;2;168;82;94m▄[0m[38;2;178;82;90;48;2;165;80;92m▖[0m[38;2;170;79;92;48;2;161;80;93m▃[0m[38;2;170;80;91;48;2;160;79;94m▃[0m[38;2;166;79;90;48;2;160;78;92m▄[0m[38;2;165;79;90;48;2;160;77;92m▄[0m[38;2;169;78;88;48;2;159;78;91m▄[0m[38;2;170;80;90;48;2;159;76;92m▄[0m[38;2;168;78;89;48;2;155;76;90m▅[0m[38;2;171;78;89;48;2;155;77;90m▅[0m[38;2;126;63;80;48;2;167;78;89m▝[0m[38;2;123;60;80;48;2;49;26;51m━[0m[38;2;45;26;54;48;2;16;13;42m╸[0m[38;2;12;13;39;48;2;13;13;39m▝[0m[38;2;13;11;39;48;2;15;12;39m▋[0m[38;2;24;16;43;48;2;83;40;67m▌[0m[38;2;31;19;52;48;2;101;55;78m┏[0m[38;2;81;42;72;48;2;46;28;58m▃[0m[38;2;55;34;64;48;2;91;60;84m▘[0m[38;2;57;38;67;48;2;27;19;50m▍[0m[38;2;19;15;48;48;2;14;11;40m▘[0m[38;2;13;13;39;48;2;14;11;39m▆[0m[38;2;14;13;45;48;2;51;41;65m▅[0m
[0m[38;2;97;54;80;48;2;92;54;79m▂[0m[38;2;93;56;81;48;2;96;56;82m▋[0m[38;2;99;58;82;48;2;103;59;83m▎[0m[38;2;102;60;84;48;2;105;61;84m▅[0m[38;2;119;64;87;48;2;108;63;84m▝[0m[38;2;125;66;87;48;2;141;71;89m▅[0m[38;2;131;66;87;48;2;171;76;86m▅[0m[38;2;134;66;84;48;2;170;76;85m▄[0m[38;2;148;69;84;48;2;166;77;85m━[0m[38;2;210;84;84;48;2;164;72;84m▗[0m[38;2;189;80;84;48;2;136;67;87m▖[0m[38;2;119;65;87;48;2;115;64;86m▃[0m[38;2;114;65;86;48;2;130;68;86m▆[0m[38;2;151;73;88;48;2;198;82;85m▆[0m[38;2;147;72;85;48;2;175;80;88m▅[0m[38;2;124;65;88;48;2;159;77;89m▅[0m[38;2;127;69;89;48;2;156;76;91m▂[0m[38;2;126;69;88;48;2;151;75;89m▅[0m[38;2;139;72;90;48;2;124;66;88m▘[0m[38;2;119;65;90;48;2;109;65;89m▖[0m[38;2;105;65;89;48;2;112;66;88m▅[0m[38;2;107;63;87;48;2;121;68;91m▅[0m[38;2;103;64;88;48;2;117;66;88m▄[0m[38;2;121;65;88;48;2;107;64;89m▄[0m[38;2;106;63;89;48;2;98;64;88m▂[0m[38;2;97;62;88;48;2;106;67;90m▇[0m[38;2;94;62;86;48;2;103;66;91m▅[0m[38;2;97;66;90;48;2;134;73;90m▆[0m[38;2;111;59;83;48;2;192;84;91m▄[0m[38;2;89;39;61;48;2;193;83;89m▂[0m[38;2;20;12;43;48;2;143;60;75m▄[0m[38;2;15;11;40;48;2;134;58;74m▅[0m[38;2;205;87;88;48;2;168;68;71m┗[0m[38;2;113;45;61;48;2;167;78;92m▖[0m[38;2;216;82;85;48;2;171;79;90m▃[0m[38;2;203;84;87;48;2;171;80;89m▂[0m[38;2;185;80;87;48;2;170;80;89m▄[0m[38;2;185;81;88;48;2;170;79;91m▖[0m[38;2;95;39;62;48;2;175;81;90m▆[0m[38;2;47;20;50;48;2;167;76;88m▆[0m[38;2;26;15;50;48;2;107;44;65m━[0m[38;2;83;42;62;48;2;43;17;44m▍[0m[38;2;77;31;56;48;2;14;12;40m▂[0m[38;2;27;21;48;48;2;15;12;38m▗[0m[38;2;39;29;59;48;2;16;12;42m┺[0m[38;2;15;15;45;48;2;76;42;70m▃[0m[38;2;20;11;40;48;2;99;51;70m▃[0m[38;2;18;16;47;48;2;82;52;80m▇[0m[38;2;13;12;42;48;2;73;50;78m▆[0m[38;2;26;20;52;48;2;13;13;42m▘[0m[38;2;13;13;41;48;2;13;13;39m┱[0m[38;2;16;12;41;48;2;13;13;38m▗[0m
[0m[38;2;118;58;77;48;2;101;55;79m▖[0m[38;2;97;53;78;48;2;98;54;80m▅[0m[38;2;98;53;80;48;2;98;56;81m▃[0m[38;2;98;57;82;48;2;102;58;83m▃[0m[38;2;108;60;85;48;2;103;58;84m▝[0m[38;2;105;60;83;48;2;115;62;85m▄[0m[38;2;112;60;83;48;2;115;61;84m▃[0m[38;2;115;62;85;48;2;122;64;85m▄[0m[38;2;120;64;86;48;2;135;69;84m▅[0m[38;2;131;66;86;48;2;144;70;85m▃[0m[38;2;125;64;85;48;2;190;82;89m▇[0m[38;2;120;64;86;48;2;117;64;86m▍[0m[38;2;120;66;85;48;2;117;64;86m▗[0m[38;2;121;65;86;48;2;125;67;87m▍[0m[38;2;125;66;85;48;2;140;70;87m▆[0m[38;2;112;63;85;48;2;118;66;88m▗[0m[38;2;107;60;84;48;2;120;66;87m▅[0m[38;2;104;60;86;48;2;118;66;87m▃[0m[38;2;100;61;85;48;2;108;64;89m▄[0m[38;2;97;62;86;48;2;112;66;90m▆[0m[38;2;96;61;85;48;2;107;63;88m▅[0m[38;2;94;60;85;48;2;100;63;88m▄[0m[38;2;92;60;84;48;2;95;61;85m▃[0m[38;2;99;62;85;48;2;111;64;88m▌[0m[38;2;132;65;85;48;2;115;67;88m▆[0m[38;2;120;64;88;48;2;104;62;83m▖[0m[38;2;101;61;85;48;2;95;61;86m▃[0m[38;2;95;61;86;48;2;92;61;85m▖[0m[38;2;29;24;54;48;2;94;63;88m▗[0m[38;2;77;46;72;48;2;29;24;57m▘[0m[38;2;31;18;48;48;2;16;13;44m━[0m[38;2;12;12;38;48;2;13;12;39m┣[0m[38;2;60;41;70;48;2;19;12;41m▁[0m[38;2;231;91;84;48;2;102;51;74m▝[0m[38;2;17;11;38;48;2;223;88;84m▃[0m[38;2;37;19;43;48;2;219;84;84m▄[0m[38;2;96;29;53;48;2;213;82;86m▖[0m[38;2;244;103;76;48;2;218;83;84m▄[0m[38;2;151;56;69;48;2;223;88;85m▗[0m[38;2;33;19;43;48;2;203;81;81m▅[0m[38;2;18;10;40;48;2;172;62;68m▆[0m[38;2;176;55;56;48;2;18;10;38m▁[0m[38;2;94;39;64;48;2;50;26;54m┎[0m[38;2;64;27;49;48;2;14;11;35m▄[0m[38;2;53;32;58;48;2;15;12;37m┲[0m[38;2;39;23;51;48;2;15;15;44m─[0m[38;2;32;21;52;48;2;56;36;65m┯[0m[38;2;21;14;48;48;2;58;41;69m━[0m[38;2;65;49;75;48;2;17;15;46m▃[0m[38;2;14;12;41;48;2;19;16;48m▚[0m[38;2;41;32;66;48;2;15;14;45m━[0m[38;2;22;21;50;48;2;13;13;41m╺[0m
[0m[38;2;108;52;76;48;2;100;52;76m▘[0m[38;2;95;50;75;48;2;97;53;78m▅[0m[38;2;95;51;75;48;2;97;53;78m▄[0m[38;2;94;51;77;48;2;97;53;80m▅[0m[38;2;92;52;76;48;2;99;56;82m▆[0m[38;2;95;54;81;48;2;102;59;82m▅[0m[38;2;99;55;78;48;2;105;59;82m▃[0m[38;2;103;58;81;48;2;111;63;84m▄[0m[38;2;105;60;80;48;2;115;62;85m▃[0m[38;2;112;61;83;48;2;118;65;85m▄[0m[38;2;112;60;82;48;2;115;62;85m▂[0m[38;2;114;62;84;48;2;117;65;85m▅[0m[38;2;116;65;84;48;2;120;64;84m▄[0m[38;2;119;65;87;48;2;124;67;86m▖[0m[38;2;127;66;85;48;2;128;67;85m▂[0m[38;2;148;72;84;48;2;133;65;83m▗[0m[38;2;186;85;88;48;2;136;68;87m▃[0m[38;2;176;80;86;48;2;125;66;85m▄[0m[38;2;143;69;85;48;2;110;62;83m▄[0m[38;2;127;65;85;48;2;104;60;84m▃[0m[38;2;123;63;82;48;2;100;60;86m▃[0m[38;2;130;66;83;48;2;99;59;84m▂[0m[38;2;116;62;83;48;2;95;59;84m▃[0m[38;2;122;65;84;48;2;102;59;86m▃[0m[38;2;134;67;86;48;2;113;64;85m▂[0m[38;2;137;68;83;48;2;105;62;85m▂[0m[38;2;135;68;86;48;2;104;62;85m▂[0m[38;2;120;63;88;48;2;97;58;82m▖[0m[38;2;43;25;53;48;2;78;49;77m▂[0m[38;2;71;45;72;48;2;22;19;51m╸[0m[38;2;32;23;53;48;2;13;13;41m▘[0m[38;2;17;13;41;48;2;13;12;38m▂[0m[38;2;14;13;41;48;2;37;22;48m▇[0m[38;2;66;42;69;48;2;16;12;42m▁[0m[38;2;107;60;81;48;2;39;22;51m━[0m[38;2;108;64;89;48;2;52;36;61m▆[0m[38;2;164;76;81;48;2;105;62;89m▝[0m[38;2;119;66;86;48;2;219;90;86m▄[0m[38;2;187;75;82;48;2;206;77;75m▆[0m[38;2;76;22;45;48;2;169;76;83m┛[0m[38;2;47;20;45;48;2;203;65;57m▗[0m[38;2;229;87;68;48;2;30;11;38m▘[0m[38;2;29;17;41;48;2;97;37;55m▊[0m[38;2;179;66;71;48;2;106;38;58m▆[0m[38;2;16;9;37;48;2;55;33;61m▊[0m[38;2;69;28;51;48;2;15;13;39m▄[0m[38;2;104;61;85;48;2;15;10;42m▝[0m[38;2;104;56;85;48;2;56;34;62m▋[0m[38;2;51;33;62;48;2;22;17;47m▂[0m[38;2;20;17;45;48;2;13;13;40m▂[0m[38;2;56;39;67;48;2;23;20;50m▗[0m[38;2;72;49;77;48;2;26;22;56m▃[0m
[0m[38;2;138;61;77;48;2;108;54;75m▁[0m[38;2;149;63;77;48;2;110;53;72m▁[0m[38;2;161;67;77;48;2;113;55;75m▁[0m[38;2;162;68;78;48;2;109;53;75m▂[0m[38;2;184;71;77;48;2;108;53;75m▂[0m[38;2;172;70;79;48;2;105;52;75m▂[0m[38;2;125;58;78;48;2;106;53;76m▂[0m[38;2;111;53;78;48;2;104;56;80m▃[0m[38;2;105;56;78;48;2;105;57;79m▆[0m[38;2;107;55;78;48;2;109;60;81m▄[0m[38;2;106;58;80;48;2;109;60;81m▄[0m[38;2;108;59;80;48;2;111;61;83m▅[0m[38;2;111;61;82;48;2;114;62;83m╾[0m[38;2;151;72;87;48;2;116;64;85m▁[0m[38;2;158;74;84;48;2;126;65;83m▁[0m[38;2;171;77;84;48;2;145;71;84m▁[0m[38;2;180;81;83;48;2;214;91;85m▍[0m[38;2;213;89;83;48;2;228;101;82m▄[0m[38;2;229;98;81;48;2;193;82;83m▇[0m[38;2;235;106;80;48;2;191;83;84m▆[0m[38;2;232;102;79;48;2;188;80;81m▆[0m[38;2;213;90;84;48;2;181;79;84m▆[0m[38;2;172;78;87;48;2;154;72;86m▅[0m[38;2;196;85;84;48;2;145;70;85m▃[0m[38;2;204;87;84;48;2;145;69;82m▃[0m[38;2;218;94;84;48;2;148;71;87m▃[0m[38;2;189;83;85;48;2;132;68;83m▂[0m[38;2;135;68;85;48;2;84;43;70m▅[0m[38;2;137;71;82;48;2;81;43;72m▅[0m[38;2;130;69;87;48;2;42;22;48m╸[0m[38;2;40;28;57;48;2;15;13;38m╱[0m[38;2;70;39;63;48;2;13;11;38m▗[0m[38;2;51;31;59;48;2;23;16;50m▎[0m[38;2;108;62;85;48;2;58;38;63m╲[0m[38;2;99;59;83;48;2;26;19;48m▖[0m[38;2;103;61;89;48;2;20;11;39m▝[0m[38;2;111;62;84;48;2;103;62;86m▁[0m[38;2;131;68;86;48;2;107;61;81m▂[0m[38;2;131;66;83;48;2;167;75;80m▌[0m[38;2;84;39;58;48;2;167;76;84m▗[0m[38;2;156;73;83;48;2;57;29;58m▃[0m[38;2;123;63;82;48;2;56;29;56m▊[0m[38;2;40;23;47;48;2;128;65;82m▘[0m[38;2;129;64;83;48;2;179;76;82m▆[0m[38;2;118;57;78;48;2;40;18;41m▎[0m[38;2;152;69;79;48;2;130;63;81m┻[0m[38;2;116;60;80;48;2;45;25;50m▆[0m[38;2;113;58;80;48;2;42;27;55m▂[0m[38;2;86;45;69;48;2;105;56;78m▝[0m[38;2;93;51;75;48;2;40;24;51m▄[0m[38;2;77;47;73;48;2;87;52;77m▘[0m[38;2;87;51;76;48;2;81;49;75m▌[0m
[0m[38;2;171;69;75;48;2;208;82;78m▂[0m[38;2;167;71;79;48;2;222;88;78m▂[0m[38;2;186;74;76;48;2;223;89;77m▂[0m[38;2;227;94;80;48;2;220;87;78m▅[0m[38;2;228;97;77;48;2;223;91;78m▅[0m[38;2;229;98;77;48;2;209;80;78m▇[0m[38;2;233;100;78;48;2;186;77;82m▆[0m[38;2;199;80;76;48;2;131;62;79m▆[0m[38;2;221;90;78;48;2;121;60;78m▄[0m[38;2;215;89;81;48;2;119;58;78m▃[0m[38;2;211;88;81;48;2;118;61;79m▃[0m[38;2;217;94;85;48;2;123;61;79m▄[0m[38;2;221;97;85;48;2;153;73;87m▄[0m[38;2;223;99;82;48;2;178;81;82m▆[0m[38;2;229;103;85;48;2;208;88;85m▅[0m[38;2;233;111;84;48;2;229;100;79m▃[0m[38;2;236;112;82;48;2;229;98;77m▃[0m[38;2;239;111;81;48;2;229;99;82m▃[0m[38;2;246;111;79;48;2;239;110;80m┲[0m[38;2;241;114;79;48;2;241;112;80m▃[0m[38;2;222;95;81;48;2;234;106;84m▄[0m[38;2;226;100;82;48;2;219;96;83m▍[0m[38;2;223;97;81;48;2;210;90;82m▄[0m[38;2;225;100;84;48;2;213;90;83m▃[0m[38;2;229;103;80;48;2;215;91;83m▂[0m[38;2;227;103;83;48;2;203;84;82m▂[0m[38;2;226;99;81;48;2;208;89;85m▃[0m[38;2;224;98;84;48;2;198;85;84m▅[0m[38;2;151;67;70;48;2;220;94;78m▝[0m[38;2;203;85;82;48;2;103;43;60m▆[0m[38;2;128;51;62;48;2;30;13;43m▂[0m[38;2;101;54;75;48;2;133;68;84m▘[0m[38;2;67;37;62;48;2;100;52;77m┣[0m[38;2;56;36;60;48;2;113;62;80m▝[0m[38;2;54;34;59;48;2;109;63;83m┓[0m[38;2;112;63;84;48;2;30;16;45m▅[0m[38;2;135;69;85;48;2;127;65;81m╱[0m[38;2;125;65;83;48;2;140;70;83m▃[0m[38;2;131;67;83;48;2;155;72;84m▅[0m[38;2;35;18;46;48;2;134;67;84m▃[0m[38;2;45;22;50;48;2;162;73;84m▅[0m[38;2;17;11;37;48;2;141;65;84m▃[0m[38;2;32;10;37;48;2;143;69;83m▃[0m[38;2;15;12;36;48;2;130;64;80m▃[0m[38;2;132;64;82;48;2;19;11;41m▘[0m[38;2;16;12;39;48;2;126;63;82m▂[0m[38;2;155;71;81;48;2;124;61;80m━[0m[38;2;127;63;80;48;2;122;60;80m▆[0m[38;2;125;62;79;48;2;112;58;79m▆[0m[38;2;148;67;79;48;2;115;55;75m▄[0m[38;2;154;64;73;48;2;104;53;77m▃[0m[38;2;110;58;78;48;2;86;49;75m▄[0m
[0m[38;2;250;103;62;48;2;163;70;81m▄[0m[38;2;249;105;67;48;2;149;64;76m▄[0m[38;2;225;85;69;48;2;164;70;79m▄[0m[38;2;190;79;82;48;2;216;86;79m▘[0m[38;2;196;78;78;48;2;228;93;77m▃[0m[38;2;206;83;81;48;2;232;100;79m▃[0m[38;2;224;91;76;48;2;233;98;75m━[0m[38;2;198;77;76;48;2;154;70;82m▃[0m[38;2;168;75;80;48;2;198;83;84m━[0m[38;2;168;74;82;48;2;204;85;84m━[0m[38;2;180;82;84;48;2;223;96;80m▂[0m[38;2;228;102;83;48;2;226;99;81m┌[0m[38;2;232;106;82;48;2;226;100;81m▄[0m[38;2;237;110;79;48;2;232;107;83m▅[0m[38;2;229;104;79;48;2;236;111;81m▂[0m[38;2;220;94;82;48;2;237;114;82m▁[0m[38;2;231;108;84;48;2;238;115;82m▂[0m[38;2;230;99;86;48;2;236;111;82m▃[0m[38;2;124;45;58;48;2;235;114;83m▂[0m[38;2;236;114;86;48;2;149;50;48m▊[0m[38;2;27;9;33;48;2;206;102;84m▆[0m[38;2;110;44;49;48;2;235;109;78m▋[0m[38;2;135;53;61;48;2;233;101;78m▂[0m[38;2;159;74;82;48;2;229;105;87m▅[0m[38;2;160;77;86;48;2;231;106;84m▃[0m[38;2;163;79;86;48;2;230;105;81m▃[0m[38;2;177;83;84;48;2;230;104;82m▂[0m[38;2;232;105;82;48;2;229;102;83m┷[0m[38;2;204;94;89;48;2;237;108;80m▂[0m[38;2;242;110;77;48;2;227;101;81m┳[0m[38;2;161;71;77;48;2;228;101;82m▂[0m[38;2;86;41;57;48;2;217;95;86m▃[0m[38;2;163;68;66;48;2;80;32;48m▂[0m[38;2;141;69;70;48;2;57;34;61m▂[0m[38;2;108;52;74;48;2;67;36;57m╺[0m[38;2;146;71;83;48;2;19;13;41m▝[0m[38;2;20;11;38;48;2;133;68;87m▅[0m[38;2;17;15;37;48;2;121;66;85m▅[0m[38;2;15;12;39;48;2;69;34;59m▃[0m[38;2;29;17;43;48;2;13;13;39m╸[0m[38;2;29;17;43;48;2;13;13;39m [0m[38;2;13;13;39;48;2;12;12;38m▆[0m[38;2;15;11;36;48;2;26;14;38m▊[0m[38;2;41;19;45;48;2;24;15;40m╉[0m[38;2;45;22;41;48;2;21;13;40m▖[0m[38;2;46;26;52;48;2;14;11;40m▗[0m[38;2;73;37;61;48;2;21;15;43m▃[0m[38;2;22;16;42;48;2;81;38;64m▇[0m[38;2;17;13;40;48;2;115;59;82m▆[0m[38;2;18;14;43;48;2;114;60;79m▅[0m[38;2;18;10;40;48;2;110;56;79m▃[0m[38;2;90;51;73;48;2;102;54;76m▂[0m
[0m[38;2;248;111;65;48;2;241;100;68m▄[0m[38;2;251;114;66;48;2;252;117;66m▊[0m[38;2;252;124;58;48;2;253;119;65m╲[0m[38;2;252;126;66;48;2;248;111;72m▂[0m[38;2;251;123;62;48;2;239;98;75m▃[0m[38;2;248;118;65;48;2;217;81;74m▃[0m[38;2;253;117;69;48;2;219;84;77m▃[0m[38;2;253;116;71;48;2;197;78;77m▃[0m[38;2;228;90;79;48;2;182;79;82m▃[0m[38;2;211;83;78;48;2;170;74;80m▂[0m[38;2;183;79;82;48;2;164;76;85m▂[0m[38;2;197;87;79;48;2;167;76;83m▝[0m[38;2;169;79;84;48;2;236;108;78m▅[0m[38;2;173;79;88;48;2;235;106;86m▃[0m[38;2;195;84;80;48;2;237;110;77m▁[0m[38;2;198;85;83;48;2;232;108;80m▗[0m[38;2;135;65;78;48;2;227;106;85m▂[0m[38;2;79;36;55;48;2;213;95;81m▂[0m[38;2;123;53;63;48;2;54;21;47m▆[0m[38;2;29;13;35;48;2;165;79;70m▆[0m[38;2;36;16;40;48;2;13;14;39m▘[0m[38;2;79;43;58;48;2;15;12;39m▝[0m[38;2;29;16;44;48;2;130;52;57m▃[0m[38;2;117;41;55;48;2;218;99;84m▅[0m[38;2;196;76;69;48;2;140;71;83m▄[0m[38;2;225;106;83;48;2;145;73;85m▃[0m[38;2;157;78;86;48;2;179;84;84m▚[0m[38;2;169;79;83;48;2;196;88;83m▇[0m[38;2;197;89;86;48;2;153;76;85m▖[0m[38;2;63;26;51;48;2;156;75;82m▄[0m[38;2;28;15;47;48;2;91;45;62m▅[0m[38;2;18;12;37;48;2;78;30;43m▆[0m[38;2;15;11;38;48;2;126;48;53m▆[0m[38;2;14;11;37;48;2;123;51;64m▇[0m[38;2;14;11;37;48;2;14;12;39m╻[0m[38;2;12;12;38;48;2;14;11;38m▘[0m[38;2;15;12;39;48;2;13;12;38m╎[0m[38;2;34;25;51;48;2;14;12;38m▁[0m[38;2;25;17;42;48;2;15;12;39m▃[0m[38;2;41;19;43;48;2;14;12;39m▖[0m[38;2;13;13;39;48;2;13;12;39m┊[0m[38;2;12;12;38;48;2;13;13;39m╍[0m[38;2;13;13;39;48;2;13;11;40m▘[0m[38;2;13;12;38;48;2;17;13;41m▌[0m[38;2;34;22;51;48;2;20;15;45m▗[0m[38;2;55;31;56;48;2;21;14;43m▃[0m[38;2;43;22;48;48;2;21;15;43m▚[0m[38;2;105;56;71;48;2;42;23;49m▁[0m[38;2;66;37;66;48;2;34;24;51m▖[0m[38;2;49;30;56;48;2;21;11;42m━[0m[38;2;20;16;48;48;2;15;12;40m━[0m[38;2;17;12;42;48;2;28;18;48m▄[0m
[0m[38;2;254;137;50;48;2;251;124;56m▗[0m[38;2;253;147;41;48;2;242;111;57m▃[0m[38;2;253;159;40;48;2;250;126;57m▃[0m[38;2;255;172;44;48;2;251;117;66m▂[0m[38;2;238;95;64;48;2;253;162;46m━[0m[38;2;251;202;38;48;2;252;137;56m▂[0m[38;2;252;228;46;48;2;254;157;45m▂[0m[38;2;252;160;46;48;2;250;140;56m▖[0m[38;2;251;140;58;48;2;249;113;75m▆[0m[38;2;249;118;70;48;2;228;94;76m▆[0m[38;2;243;114;75;48;2;199;81;81m▆[0m[38;2;247;119;77;48;2;182;76;81m▅[0m[38;2;245;117;72;48;2;168;77;82m▅[0m[38;2;233;103;74;48;2;166;77;82m▅[0m[38;2;197;88;87;48;2;169;79;84m▅[0m[38;2;218;96;83;48;2;170;81;84m▅[0m[38;2;231;102;79;48;2;161;79;83m▅[0m[38;2;231;101;80;48;2;154;76;83m▅[0m[38;2;208;88;80;48;2;126;46;51m━[0m[38;2;187;91;85;48;2;36;22;50m╸[0m[38;2;15;15;38;48;2;41;24;46m╋[0m[38;2;54;20;33;48;2;16;11;38m╹[0m[38;2;26;9;41;48;2;15;16;42m▖[0m[38;2;82;32;51;48;2;173;68;60m▌[0m[38;2;188;89;84;48;2;228;106;86m▄[0m[38;2;229;102;82;48;2;190;88;87m▘[0m[38;2;120;51;67;48;2;20;14;39m▍[0m[38;2;13;11;39;48;2;41;17;40m▇[0m[38;2;13;12;38;48;2;121;49;61m▆[0m[38;2;73;38;58;48;2;13;13;39m▘[0m[38;2;15;14;40;48;2;13;12;38m╸[0m[38;2;15;14;40;48;2;13;13;39m [0m[38;2;15;14;40;48;2;13;13;39m [0m[38;2;21;12;38;48;2;14;10;41m╺[0m[38;2;14;12;39;48;2;31;21;46m▂[0m[38;2;54;22;43;48;2;15;12;39m╸[0m[38;2;13;12;39;48;2;12;12;38m▃[0m[38;2;17;13;36;48;2;14;10;38m▚[0m[38;2;17;12;37;48;2;13;13;39m▍[0m[38;2;12;12;38;48;2;13;13;39m▖[0m[38;2;12;12;38;48;2;13;13;39m [0m[38;2;12;12;38;48;2;13;13;39m [0m[38;2;13;11;38;48;2;13;13;39m▝[0m[38;2;25;17;44;48;2;13;13;39m▝[0m[38;2;12;13;39;48;2;17;12;39m▄[0m[38;2;13;13;39;48;2;20;13;38m▇[0m[38;2;13;13;39;48;2;52;21;42m▆[0m[38;2;13;11;37;48;2;76;37;58m▆[0m[38;2;13;13;38;48;2;31;22;47m▇[0m[38;2;13;12;39;48;2;29;18;47m▇[0m[38;2;13;12;39;48;2;13;13;39m [0m[38;2;13;12;39;48;2;13;13;39m [0m
[0m[38;2;233;87;44;48;2;252;117;38m▄[0m[38;2;236;91;42;48;2;254;129;38m▄[0m[38;2;241;98;42;48;2;253;142;40m▄[0m[38;2;248;105;39;48;2;253;160;37m▄[0m[38;2;253;119;42;48;2;252;182;38m▄[0m[38;2;254;136;39;48;2;250;201;37m▄[0m[38;2;253;151;37;48;2;253;213;37m▄[0m[38;2;253;163;38;48;2;252;222;40m▃[0m[38;2;254;224;44;48;2;251;184;53m━[0m[38;2;251;222;53;48;2;254;201;39m━[0m[38;2;251;225;54;48;2;251;193;45m▆[0m[38;2;252;214;47;48;2;246;179;49m▄[0m[38;2;250;179;47;48;2;252;139;67m▖[0m[38;2;243;120;71;48;2;249;129;71m▗[0m[38;2;231;102;76;48;2;241;127;75m▃[0m[38;2;22;11;43;48;2;221;106;79m▗[0m[38;2;14;11;37;48;2;225;99;80m▆[0m[38;2;12;13;39;48;2;131;61;58m▆[0m[38;2;13;13;39;48;2;20;11;38m▆[0m[38;2;13;13;39;48;2;15;12;38m▊[0m[38;2;13;12;36;48;2;78;38;59m▇[0m[38;2;13;13;39;48;2;26;18;44m▆[0m[38;2;13;13;39;48;2;15;12;39m▅[0m[38;2;14;10;38;48;2;77;37;54m▅[0m[38;2;25;16;41;48;2;143;63;68m▃[0m[38;2;17;11;40;48;2;78;40;58m▂[0m[38;2;17;14;39;48;2;139;64;75m▇[0m[38;2;21;13;40;48;2;13;13;39m▘[0m[38;2;13;12;40;48;2;13;13;39m╴[0m[38;2;13;12;40;48;2;13;13;39m [0m[38;2;13;12;40;48;2;13;13;39m [0m[38;2;13;12;40;48;2;13;13;39m [0m[38;2;13;12;40;48;2;13;13;39m [0m[38;2;13;12;38;48;2;15;12;39m▌[0m[38;2;13;12;39;48;2;13;13;39m▎[0m[38;2;15;12;39;48;2;13;13;39m─[0m[38;2;15;12;39;48;2;13;13;39m [0m[38;2;15;12;39;48;2;13;13;39m [0m[38;2;15;12;39;48;2;13;13;39m [0m[38;2;15;12;39;48;2;13;13;39m [0m[38;2;15;12;39;48;2;13;13;39m [0m[38;2;15;12;39;48;2;13;13;39m [0m[38;2;15;12;39;48;2;13;13;39m [0m[38;2;15;12;39;48;2;13;13;39m [0m[38;2;15;12;39;48;2;13;13;39m [0m[38;2;15;12;39;48;2;13;13;39m [0m[38;2;15;12;39;48;2;13;13;39m [0m[38;2;15;12;39;48;2;13;13;39m [0m[38;2;15;12;39;48;2;13;13;39m [0m[38;2;15;12;39;48;2;13;13;39m [0m[38;2;15;12;39;48;2;13;13;39m [0m[38;2;15;12;39;48;2;13;13;39m [0m
[0m[38;2;191;58;48;48;2;214;68;50m▅[0m[38;2;195;58;47;48;2;219;68;50m▃[0m[38;2;207;62;48;48;2;224;74;48m▃[0m[38;2;220;70;46;48;2;233;85;46m▅[0m[38;2;225;75;43;48;2;240;93;41m▅[0m[38;2;232;82;42;48;2;244;100;40m▅[0m[38;2;239;90;39;48;2;251;110;39m▅[0m[38;2;246;101;40;48;2;254;121;37m▅[0m[38;2;254;114;39;48;2;254;139;38m▅[0m[38;2;253;130;39;48;2;254;159;40m▄[0m[38;2;253;145;38;48;2;252;189;38m▄[0m[38;2;253;153;42;48;2;253;194;38m▄[0m[38;2;174;73;56;48;2;251;166;53m▂[0m[38;2;15;13;37;48;2;248;128;68m▅[0m[38;2;13;13;39;48;2;127;57;51m▅[0m[38;2;13;13;39;48;2;29;13;33m▇[0m[38;2;13;13;39;48;2;14;11;36m▇[0m[38;2;13;13;39;48;2;13;13;39m [0m[38;2;13;13;39;48;2;13;13;39m [0m[38;2;13;13;39;48;2;13;13;39m [0m[38;2;13;13;39;48;2;13;13;39m [0m[38;2;13;13;39;48;2;13;13;39m [0m[38;2;13;13;39;48;2;13;13;39m [0m[38;2;15;12;39;48;2;13;12;39m▘[0m[38;2;58;25;41;48;2;15;10;40m╺[0m[38;2;35;17;40;48;2;13;12;38m╴[0m[38;2;13;12;39;48;2;13;13;39m▎[0m[38;2;13;12;39;48;2;13;13;39m [0m[38;2;13;12;39;48;2;13;13;39m [0m[38;2;13;12;39;48;2;13;13;39m [0m[38;2;13;12;39;48;2;13;13;39m [0m[38;2;13;12;39;48;2;13;13;39m [0m[38;2;13;12;39;48;2;13;13;39m [0m[38;2;13;12;39;48;2;13;13;39m [0m[38;2;13;12;39;48;2;13;13;39m [0m[38;2;13;12;39;48;2;13;13;39m [0m[38;2;13;12;39;48;2;13;13;39m [0m[38;2;13;12;39;48;2;13;13;39m [0m[38;2;13;12;39;48;2;13;13;39m [0m[38;2;13;12;39;48;2;13;13;39m [0m[38;2;13;12;39;48;2;13;13;39m [0m[38;2;13;12;39;48;2;13;13;39m [0m[38;2;13;12;39;48;2;13;13;39m [0m[38;2;13;12;39;48;2;13;13;39m [0m[38;2;13;12;39;48;2;13;13;39m [0m[38;2;13;12;39;48;2;13;13;39m [0m[38;2;13;12;39;48;2;13;13;39m [0m[38;2;13;13;40;48;2;13;13;39m▅[0m[38;2;13;13;40;48;2;13;13;39m [0m[38;2;13;13;40;48;2;13;13;39m [0m[38;2;13;13;40;48;2;13;13;39m [0m[38;2;13;13;40;48;2;13;13;39m [0m
[0m[38;2;92;32;44;48;2;143;44;48m▇[0m[38;2;93;29;38;48;2;154;48;44m▇[0m[38;2;86;25;40;48;2;152;47;44m▇[0m[38;2;71;22;43;48;2;93;31;46m▃[0m[38;2;96;25;40;48;2;171;49;40m▇[0m[38;2;97;31;42;48;2;130;44;48m▃[0m[38;2;158;52;54;48;2;117;39;46m┻[0m[38;2;94;28;43;48;2;150;43;38m▃[0m[38;2;121;38;47;48;2;181;52;41m▄[0m[38;2;143;44;43;48;2;186;49;45m▃[0m[38;2;130;40;43;48;2;189;52;37m▃[0m[38;2;125;39;46;48;2;202;77;54m▃[0m[38;2;144;51;37;48;2;38;12;35m▅[0m[38;2;106;31;38;48;2;13;13;39m▄[0m[38;2;74;25;40;48;2;13;13;39m▁[0m[38;2;55;18;38;48;2;13;13;39m▁[0m[38;2;12;12;38;48;2;13;12;39m┄[0m[38;2;13;13;40;48;2;13;13;39m┲[0m[38;2;16;11;38;48;2;13;13;39m▃[0m[38;2;20;17;45;48;2;13;13;39m▁[0m[38;2;20;17;45;48;2;13;13;39m [0m[38;2;12;12;40;48;2;13;13;39m╸[0m[38;2;13;13;39;48;2;12;12;40m▄[0m[38;2;13;13;39;48;2;13;13;42m [0m[38;2;13;13;42;48;2;17;19;50m▇[0m[38;2;15;14;50;48;2;14;13;44m▗[0m[38;2;13;13;43;48;2;12;12;40m╻[0m[38;2;13;12;42;48;2;13;13;39m▄[0m[38;2;13;13;38;48;2;13;13;39m▏[0m[38;2;13;13;38;48;2;13;13;39m [0m[38;2;13;13;38;48;2;13;13;39m [0m[38;2;13;13;38;48;2;13;13;39m [0m[38;2;13;12;44;48;2;13;13;39m▂[0m[38;2;13;12;44;48;2;13;13;39m [0m[38;2;13;12;44;48;2;13;13;39m [0m[38;2;13;12;44;48;2;13;13;39m [0m[38;2;14;13;45;48;2;13;13;39m▂[0m[38;2;13;13;42;48;2;13;13;39m▃[0m[38;2;14;17;51;48;2;12;12;39m▂[0m[38;2;13;14;43;48;2;13;13;39m▖[0m[38;2;13;14;43;48;2;13;13;39m [0m[38;2;13;14;43;48;2;13;13;39m [0m[38;2;13;14;43;48;2;13;13;39m [0m[38;2;13;14;43;48;2;13;13;39m [0m[38;2;13;14;43;48;2;13;13;39m [0m[38;2;13;14;43;48;2;13;13;39m [0m[38;2;13;13;40;48;2;13;13;39m▏[0m[38;2;12;12;40;48;2;13;13;39m▗[0m[38;2;14;13;42;48;2;13;13;39m▁[0m[38;2;14;13;42;48;2;13;13;39m [0m[38;2;14;13;42;48;2;13;13;39m [0m[38;2;15;15;44;48;2;13;13;39m▁[0m
[0m[38;2;184;63;51;48;2;49;16;40m▂[0m[38;2;175;59;44;48;2;33;18;46m▃[0m[38;2;201;70;51;48;2;29;14;38m▂[0m[38;2;213;83;63;48;2;45;20;45m▁[0m[38;2;212;84;49;48;2;51;22;46m▁[0m[38;2;223;89;55;48;2;67;22;40m▂[0m[38;2;211;101;45;48;2;74;26;41m▂[0m[38;2;227;123;57;48;2;70;19;33m▁[0m[38;2;221;113;52;48;2;67;19;32m▁[0m[38;2;232;124;61;48;2;67;21;40m▁[0m[38;2;64;16;36;48;2;228;111;64m▇[0m[38;2;59;18;36;48;2;224;152;86m▇[0m[38;2;55;20;46;48;2;223;159;82m▇[0m[38;2;49;16;38;48;2;201;79;61m▇[0m[38;2;181;68;53;48;2;51;17;42m▁[0m[38;2;173;68;49;48;2;42;18;40m▁[0m[38;2;203;81;61;48;2;33;17;42m▁[0m[38;2;201;76;55;48;2;18;13;40m▁[0m[38;2;159;62;53;48;2;15;13;38m▁[0m[38;2;136;56;49;48;2;15;12;39m▁[0m[38;2;83;28;38;48;2;14;13;39m▂[0m[38;2;100;37;37;48;2;14;15;37m▂[0m[38;2;141;54;54;48;2;15;13;37m▁[0m[38;2;146;50;53;48;2;15;14;45m▁[0m[38;2;139;48;52;48;2;16;14;46m▁[0m[38;2;128;45;52;48;2;17;12;46m▁[0m[38;2;121;47;54;48;2;16;13;42m▁[0m[38;2;123;46;55;48;2;15;14;41m▁[0m[38;2;79;28;43;48;2;17;14;39m▁[0m[38;2;53;21;40;48;2;12;12;40m▂[0m[38;2;19;14;41;48;2;13;14;43m▃[0m[38;2;46;17;38;48;2;14;13;38m▂[0m[38;2;17;13;40;48;2;12;12;39m▄[0m[38;2;38;17;40;48;2;14;13;39m▁[0m[38;2;42;17;40;48;2;13;13;39m▁[0m[38;2;25;12;37;48;2;13;13;39m▂[0m[38;2;17;11;40;48;2;13;13;39m▃[0m[38;2;18;14;41;48;2;13;13;39m▃[0m[38;2;17;13;40;48;2;13;13;39m▃[0m[38;2;16;13;40;48;2;13;13;39m▄[0m[38;2;14;13;42;48;2;14;13;39m╺[0m[38;2;17;13;42;48;2;13;13;40m▄[0m[38;2;16;13;41;48;2;12;12;40m▅[0m[38;2;16;15;46;48;2;12;13;41m▝[0m[38;2;17;13;41;48;2;13;13;41m▂[0m[38;2;14;12;41;48;2;14;13;44m▄[0m[38;2;16;14;42;48;2;13;13;39m▂[0m[38;2;15;13;42;48;2;13;13;39m╱[0m[38;2;13;13;39;48;2;14;17;51m▆[0m[38;2;14;13;40;48;2;16;18;50m▆[0m[38;2;14;12;39;48;2;14;16;48m▆[0m[38;2;14;14;40;48;2;15;17;50m▆[0m
[0m[38;2;150;53;53;48;2;62;27;46m▄[0m[38;2;156;54;53;48;2;79;27;37m▄[0m[38;2;183;64;54;48;2;107;41;53m▄[0m[38;2;183;64;54;48;2;174;59;46m [0m[38;2;118;32;42;48;2;175;63;52m▁[0m[38;2;110;37;46;48;2;194;72;48m▁[0m[38;2;126;36;39;48;2;193;83;41m▁[0m[38;2;190;78;43;48;2;243;136;53m▇[0m[38;2;210;89;53;48;2;170;63;54m▃[0m[38;2;223;109;56;48;2;190;80;41m▄[0m[38;2;229;109;56;48;2;205;86;38m▄[0m[38;2;236;206;89;48;2;213;123;46m▄[0m[38;2;237;208;104;48;2;237;139;54m▄[0m[38;2;244;159;59;48;2;211;100;52m▄[0m[38;2;233;110;58;48;2;213;86;44m▄[0m[38;2;223;93;47;48;2;202;79;56m▄[0m[38;2;225;90;52;48;2;203;78;56m▄[0m[38;2;184;68;57;48;2;200;75;54m┝[0m[38;2;194;73;53;48;2;227;93;56m▆[0m[38;2;195;71;52;48;2;222;93;62m▇[0m[38;2;181;64;51;48;2;204;74;60m┄[0m[38;2;169;57;48;48;2;201;78;62m▁[0m[38;2;190;74;60;48;2;221;87;64m▇[0m[38;2;192;71;61;48;2;176;61;56m▌[0m[38;2;185;72;62;48;2;162;56;54m━[0m[38;2;173;67;65;48;2;147;51;49m▅[0m[38;2;162;56;51;48;2;138;51;53m▅[0m[38;2;151;54;54;48;2;147;56;59m▄[0m[38;2;164;61;59;48;2;135;47;55m┱[0m[38;2;133;47;55;48;2;93;35;55m▅[0m[38;2;133;47;55;48;2;122;44;53m [0m[38;2;130;48;52;48;2;100;38;55m━[0m[38;2;128;47;53;48;2;103;40;54m━[0m[38;2;115;44;55;48;2;99;36;50m▅[0m[38;2;115;44;55;48;2;107;42;53m┑[0m[38;2;105;42;56;48;2;94;36;52m┯[0m[38;2;99;40;52;48;2;74;30;48m▅[0m[38;2;92;36;54;48;2;60;25;44m▅[0m[38;2;90;33;50;48;2;65;28;49m▆[0m[38;2;97;40;51;48;2;76;32;51m▃[0m[38;2;87;33;48;48;2;71;29;51m▄[0m[38;2;85;35;52;48;2;63;27;46m▄[0m[38;2;86;34;50;48;2;47;20;44m▅[0m[38;2;85;31;49;48;2;44;21;43m▅[0m[38;2;82;30;48;48;2;29;14;40m▅[0m[38;2;78;32;53;48;2;26;16;43m▅[0m[38;2;78;34;51;48;2;28;17;44m▆[0m[38;2;76;33;54;48;2;26;15;39m▆[0m[38;2;74;31;51;48;2;45;20;45m▅[0m[38;2;59;26;49;48;2;34;17;42m▆[0m[38;2;59;25;45;48;2;29;14;41m▆[0m[38;2;60;26;48;48;2;28;16;43m▅[0m
[0m[38;2;128;44;51;48;2;67;23;40m━[0m[38;2;117;40;49;48;2;50;21;45m┻[0m[38;2;62;22;47;48;2;104;38;48m▂[0m[38;2;99;32;45;48;2;151;53;50m▆[0m[38;2;55;21;44;48;2;120;40;48m▃[0m[38;2;76;26;41;48;2;136;46;47m▆[0m[38;2;93;29;41;48;2;160;53;49m▇[0m[38;2;101;35;41;48;2;192;72;48m▆[0m[38;2;128;52;47;48;2;222;91;49m▆[0m[38;2;93;34;46;48;2;173;73;54m━[0m[38;2;73;24;47;48;2;163;70;59m━[0m[38;2;94;34;38;48;2;208;97;71m━[0m[38;2;114;42;35;48;2;227;118;56m━[0m[38;2;158;59;51;48;2;197;89;49m▅[0m[38;2;116;46;41;48;2;190;75;55m▅[0m[38;2;94;34;47;48;2;206;78;49m▆[0m[38;2;101;33;42;48;2;209;86;61m▆[0m[38;2;110;39;44;48;2;210;81;48m▆[0m[38;2;90;29;42;48;2;144;50;50m━[0m[38;2;44;17;40;48;2;143;48;48m╼[0m[38;2;50;16;40;48;2;134;54;57m━[0m[38;2;87;33;48;48;2;165;61;50m▅[0m[38;2;92;35;46;48;2;142;49;54m┱[0m[38;2;108;45;49;48;2;168;59;50m▆[0m[38;2;32;16;42;48;2;121;46;55m━[0m[38;2;22;13;39;48;2;116;40;46m━[0m[38;2;47;19;39;48;2;103;40;53m┯[0m[38;2;98;35;44;48;2;161;58;57m▆[0m[38;2;70;26;47;48;2;124;43;47m┯[0m[38;2;40;19;44;48;2;104;42;59m━[0m[38;2;27;11;34;48;2;84;32;46m━[0m[38;2;51;21;43;48;2;84;37;57m▅[0m[38;2;30;16;39;48;2;89;33;53m▅[0m[38;2;21;12;38;48;2;71;26;43m━[0m[38;2;19;13;36;48;2;70;29;52m━[0m[38;2;35;17;39;48;2;79;34;55m▆[0m[38;2;18;12;39;48;2;56;26;45m━[0m[38;2;20;12;37;48;2;64;26;49m━[0m[38;2;35;17;45;48;2;77;31;52m▅[0m[38;2;28;14;40;48;2;75;31;49m▅[0m[38;2;28;17;44;48;2;75;33;52m▅[0m[38;2;29;18;43;48;2;83;32;50m▅[0m[38;2;36;18;44;48;2;82;35;49m▇[0m[38;2;39;21;42;48;2;84;37;54m▇[0m[38;2;35;16;44;48;2;48;23;43m▆[0m[38;2;21;12;41;48;2;45;24;47m▂[0m[38;2;17;15;39;48;2;42;22;47m▂[0m[38;2;27;12;38;48;2;42;19;45m▃[0m[38;2;33;19;42;48;2;60;26;47m▇[0m[38;2;32;17;43;48;2;64;27;50m▆[0m[38;2;34;18;40;48;2;48;25;47m▄[0m[38;2;25;16;39;48;2;53;26;53m▆[0m
[0m[38;2;18;14;38;48;2;37;17;42m▆[0m[38;2;18;14;39;48;2;48;22;39m▅[0m[38;2;18;12;39;48;2;61;12;31m▄[0m[38;2;19;12;39;48;2;51;17;33m▄[0m[38;2;19;15;41;48;2;63;22;45m▃[0m[38;2;30;15;36;48;2;93;34;50m▂[0m[38;2;49;16;40;48;2;107;37;50m▁[0m[38;2;175;74;53;48;2;82;29;45m▂[0m[38;2;133;51;43;48;2;75;26;40m▂[0m[38;2;220;127;75;48;2;90;31;35m▁[0m[38;2;159;100;69;48;2;109;35;37m━[0m[38;2;196;102;66;48;2;117;43;34m┯[0m[38;2;180;73;47;48;2;86;33;41m▅[0m[38;2;186;83;58;48;2;79;32;43m▅[0m[38;2;183;84;50;48;2;39;17;38m▅[0m[38;2;166;72;65;48;2;73;23;40m▅[0m[38;2;170;63;50;48;2;99;32;43m▅[0m[38;2;144;62;52;48;2;202;79;58m▇[0m[38;2;122;39;38;48;2;156;60;61m┢[0m[38;2;60;19;40;48;2;163;57;53m━[0m[38;2;184;72;59;48;2;99;31;47m▂[0m[38;2;110;46;52;48;2;148;54;53m▅[0m[38;2;27;14;38;48;2;107;33;39m╼[0m[38;2;37;18;38;48;2;105;40;53m━[0m[38;2;26;10;35;48;2;96;34;46m━[0m[38;2;31;14;41;48;2;113;39;36m▅[0m[38;2;32;14;37;48;2;120;46;53m▅[0m[38;2;29;17;41;48;2;106;40;48m▄[0m[38;2;23;12;36;48;2;110;42;53m▅[0m[38;2;21;15;41;48;2;84;29;44m▅[0m[38;2;20;13;40;48;2;78;31;48m▅[0m[38;2;20;14;40;48;2;66;26;48m▅[0m[38;2;20;11;35;48;2;60;26;47m▄[0m[38;2;23;15;44;48;2;71;32;47m▄[0m[38;2;22;13;39;48;2;63;24;46m▃[0m[38;2;24;13;41;48;2;54;26;49m▃[0m[38;2;23;15;40;48;2;62;27;50m▃[0m[38;2;21;13;41;48;2;46;22;43m▃[0m[38;2;19;12;38;48;2;48;20;45m▃[0m[38;2;25;15;41;48;2;64;27;47m▇[0m[38;2;71;30;48;48;2;29;16;40m▁[0m[38;2;84;39;59;48;2;40;19;42m▁[0m[38;2;63;30;51;48;2;34;19;45m▁[0m[38;2;68;29;50;48;2;37;16;41m━[0m[38;2;34;17;42;48;2;42;21;45m┎[0m[38;2;32;16;42;48;2;43;22;47m┿[0m[38;2;29;17;42;48;2;40;20;47m╸[0m[38;2;22;14;40;48;2;35;16;41m▝[0m[38;2;23;16;41;48;2;28;17;42m▂[0m[38;2;25;11;38;48;2;33;18;44m╍[0m[38;2;19;14;40;48;2;28;17;42m▁[0m[38;2;23;13;41;48;2;36;18;44m▗[0m
[0m[38;2;22;16;40;48;2;32;16;40m▄[0m[38;2;25;14;44;48;2;41;16;41m▃[0m[38;2;45;18;41;48;2;26;13;43m━[0m[38;2;55;24;44;48;2;27;15;45m━[0m[38;2;55;21;45;48;2;35;18;41m▅[0m[38;2;105;33;41;48;2;60;24;46m▄[0m[38;2;125;42;44;48;2;72;26;47m▄[0m[38;2;125;37;45;48;2;63;22;47m▄[0m[38;2;98;37;38;48;2;60;28;44m▄[0m[38;2;125;40;44;48;2;67;26;46m▁[0m[38;2;92;30;42;48;2;46;19;42m▂[0m[38;2;91;30;42;48;2;39;18;43m▂[0m[38;2;81;28;46;48;2;33;18;39m▂[0m[38;2;44;17;42;48;2;77;30;51m▆[0m[38;2;61;16;32;48;2;129;45;45m▇[0m[38;2;59;26;44;48;2;144;55;46m▇[0m[38;2;35;14;38;48;2;97;36;45m━[0m[38;2;68;24;43;48;2;114;40;52m━[0m[38;2;153;54;43;48;2;114;39;47m▂[0m[38;2;184;68;63;48;2;137;47;50m▁[0m[38;2;177;65;57;48;2;135;51;57m▁[0m[38;2;87;32;47;48;2;120;40;45m┬[0m[38;2;113;42;51;48;2;135;50;55m▆[0m[38;2;75;29;44;48;2;121;43;53m━[0m[38;2;73;24;40;48;2;122;49;59m━[0m[38;2;93;33;44;48;2;135;49;54m▂[0m[38;2;97;35;46;48;2;120;46;51m▃[0m[38;2;104;37;45;48;2;91;36;48m▌[0m[38;2;73;27;41;48;2;110;41;52m▆[0m[38;2;70;27;44;48;2;95;34;48m▄[0m[38;2;61;24;44;48;2;91;32;45m▄[0m[38;2;58;26;50;48;2;97;37;50m▄[0m[38;2;68;28;49;48;2;91;37;53m▄[0m[38;2;72;32;50;48;2;99;40;58m▄[0m[38;2;49;21;44;48;2;84;33;50m╼[0m[38;2;58;26;48;48;2;81;33;48m▇[0m[38;2;55;23;45;48;2;93;43;56m▇[0m[38;2;38;17;40;48;2;68;28;50m▅[0m[38;2;45;22;45;48;2;72;29;51m▅[0m[38;2;64;26;47;48;2;48;23;43m▁[0m[38;2;77;32;51;48;2;50;25;46m─[0m[38;2;46;21;46;48;2;57;25;47m▝[0m[38;2;71;30;49;48;2;55;24;48m▂[0m[38;2;67;31;53;48;2;60;24;48m━[0m[38;2;66;29;50;48;2;52;25;47m▂[0m[38;2;39;18;45;48;2;52;24;47m─[0m[38;2;38;20;46;48;2;48;24;43m┙[0m[38;2;45;21;45;48;2;39;17;43m╇[0m[38;2;56;23;45;48;2;35;19;45m▁[0m[38;2;63;27;50;48;2;38;21;46m▁[0m[38;2;25;13;39;48;2;40;18;44m━[0m[38;2;55;23;50;48;2;30;18;43m▂[0m
[0m[38;2;36;17;45;48;2;29;17;43m▆[0m[38;2;33;15;42;48;2;40;19;45m─[0m[38;2;48;21;46;48;2;39;22;47m┹[0m[38;2;45;20;45;48;2;53;21;45m▉[0m[38;2;45;19;44;48;2;51;21;45m┯[0m[38;2;69;26;48;48;2;54;23;48m▘[0m[38;2;75;27;49;48;2;50;20;45m╍[0m[38;2;55;27;48;48;2;111;34;44m▇[0m[38;2;60;20;40;48;2;175;70;53m▇[0m[38;2;64;23;47;48;2;188;73;57m▇[0m[38;2;72;18;32;48;2;178;63;57m▇[0m[38;2;71;29;43;48;2;127;41;47m▆[0m[38;2;70;26;45;48;2;116;38;43m━[0m[38;2;72;21;45;48;2;118;36;40m▅[0m[38;2;72;28;49;48;2;129;48;52m▅[0m[38;2;87;32;47;48;2;133;46;48m▅[0m[38;2;92;28;39;48;2;132;51;52m▄[0m[38;2;132;49;49;48;2;87;33;45m┳[0m[38;2;135;44;51;48;2;98;31;39m┯[0m[38;2;174;68;59;48;2;71;25;45m━[0m[38;2;106;40;50;48;2;54;21;46m┻[0m[38;2;55;21;39;48;2;132;50;54m▇[0m[38;2;30;14;38;48;2;52;22;44m╹[0m[38;2;44;20;41;48;2;89;30;44m▇[0m[38;2;29;14;38;48;2;62;21;42m━[0m[38;2;38;17;42;48;2;115;46;49m▆[0m[38;2;25;15;39;48;2;57;25;47m━[0m[38;2;40;17;41;48;2;81;30;44m▆[0m[38;2;39;16;44;48;2;94;35;50m▆[0m[38;2;28;15;39;48;2;55;24;46m━[0m[38;2;41;23;44;48;2;57;24;46m┯[0m[38;2;36;18;42;48;2;92;36;49m▆[0m[38;2;28;17;45;48;2;85;33;47m▆[0m[38;2;31;15;42;48;2;54;20;37m▆[0m[38;2;21;12;38;48;2;59;28;49m▄[0m[38;2;19;12;40;48;2;72;27;48m▅[0m[38;2;18;14;38;48;2;67;29;50m▅[0m[38;2;18;14;39;48;2;54;21;38m▆[0m[38;2;18;14;39;48;2;58;24;43m▅[0m[38;2;17;13;38;48;2;68;28;47m▅[0m[38;2;16;13;40;48;2;73;32;50m▅[0m[38;2;15;12;39;48;2;73;29;51m▅[0m[38;2;17;15;39;48;2;80;35;52m▆[0m[38;2;16;14;38;48;2;49;25;48m▆[0m[38;2;16;12;38;48;2;55;27;51m▆[0m[38;2;17;15;39;48;2;51;22;47m▅[0m[38;2;16;14;38;48;2;64;27;49m▅[0m[38;2;17;12;39;48;2;65;27;48m▅[0m[38;2;16;13;40;48;2;55;24;47m▄[0m[38;2;18;13;41;48;2;58;23;48m▄[0m[38;2;17;14;40;48;2;54;26;51m▄[0m[38;2;17;13;41;48;2;56;24;47m▄[0m
[0m[38;2;221;80;44;48;2;44;18;44m▅[0m[38;2;225;82;47;48;2;42;16;38m▅[0m[38;2;232;88;46;48;2;33;16;36m▅[0m[38;2;236;95;48;48;2;50;22;47m▄[0m[38;2;241;104;48;48;2;61;21;47m▄[0m[38;2;242;112;45;48;2;49;19;42m▃[0m[38;2;245;124;52;48;2;64;22;44m▂[0m[38;2;233;138;58;48;2;59;24;44m▂[0m[38;2;89;46;36;48;2;66;23;45m▁[0m[38;2;49;15;29;48;2;62;25;45m▁[0m[38;2;56;24;51;48;2;87;29;44m▄[0m[38;2;70;20;42;48;2;137;54;52m▆[0m[38;2;85;25;47;48;2;175;65;60m▇[0m[38;2;86;30;46;48;2;129;49;61m▇[0m[38;2;74;27;48;48;2;99;33;48m▂[0m[38;2;76;25;46;48;2;106;45;48m▆[0m[38;2;96;36;49;48;2;72;30;49m▃[0m[38;2;71;23;42;48;2;131;45;55m▇[0m[38;2;76;31;48;48;2;57;21;44m▄[0m[38;2;58;21;44;48;2;75;27;47m▄[0m[38;2;46;19;41;48;2;84;29;50m▂[0m[38;2;41;18;47;48;2;65;25;49m▄[0m[38;2;59;22;48;48;2;77;34;50m▇[0m[38;2;66;26;48;48;2;51;25;44m▆[0m[38;2;45;19;47;48;2;59;22;44m▃[0m[38;2;72;27;50;48;2;58;22;45m┯[0m[38;2;52;22;48;48;2;62;26;46m▄[0m[38;2;50;20;42;48;2;59;24;48m╋[0m[38;2;39;18;44;48;2;52;23;46m┶[0m[38;2;56;22;47;48;2;51;22;46m▂[0m[38;2;54;21;46;48;2;73;31;50m▇[0m[38;2;51;22;45;48;2;66;23;47m▆[0m[38;2;46;20;47;48;2;85;34;52m▆[0m[38;2;48;23;45;48;2;80;34;51m▆[0m[38;2;42;21;48;48;2;62;25;47m▅[0m[38;2;34;16;43;48;2;46;19;43m▂[0m[38;2;50;21;48;48;2;39;19;43m▃[0m[38;2;46;21;47;48;2;26;14;39m▆[0m[38;2;43;20;47;48;2;22;12;37m▆[0m[38;2;40;18;46;48;2;18;14;39m▆[0m[38;2;35;17;43;48;2;17;13;38m▆[0m[38;2;31;17;42;48;2;15;12;39m▆[0m[38;2;28;13;43;48;2;18;13;38m▄[0m[38;2;27;16;45;48;2;17;14;38m▄[0m[38;2;28;16;44;48;2;16;13;38m▄[0m[38;2;22;16;42;48;2;18;14;39m▄[0m[38;2;28;17;44;48;2;16;13;40m▃[0m[38;2;25;14;45;48;2;16;14;39m▃[0m[38;2;29;16;44;48;2;17;14;41m▂[0m[38;2;26;16;43;48;2;17;14;41m▂[0m[38;2;23;14;44;48;2;18;14;41m▂[0m[38;2;23;15;45;48;2;15;12;40m▂[0m
[0m[38;2;185;62;46;48;2;230;95;58m▂[0m[38;2;208;77;51;48;2;236;99;58m▂[0m[38;2;230;96;50;48;2;244;105;53m▄[0m[38;2;221;90;53;48;2;248;125;55m▃[0m[38;2;204;91;51;48;2;244;128;43m▃[0m[38;2;208;84;40;48;2;247;138;45m▂[0m[38;2;160;55;45;48;2;250;160;45m▂[0m[38;2;176;66;44;48;2;234;172;40m▂[0m[38;2;224;106;53;48;2;247;206;44m▃[0m[38;2;223;112;57;48;2;244;225;57m▃[0m[38;2;244;201;69;48;2;150;92;41m▇[0m[38;2;253;251;203;48;2;241;139;56m━[0m[38;2;251;246;94;48;2;207;121;54m┯[0m[38;2;243;169;56;48;2;48;19;43m▅[0m[38;2;247;143;54;48;2;65;25;36m▅[0m[38;2;245;126;56;48;2;55;19;35m▄[0m[38;2;234;101;56;48;2;44;18;44m▃[0m[38;2;233;98;59;48;2;54;24;48m▃[0m[38;2;229;98;69;48;2;48;19;43m▃[0m[38;2;222;86;57;48;2;40;16;43m▃[0m[38;2;211;77;55;48;2;47;21;48m▃[0m[38;2;204;74;63;48;2;41;20;45m▃[0m[38;2;201;76;62;48;2;34;19;47m▂[0m[38;2;175;61;55;48;2;34;20;46m▂[0m[38;2;160;59;56;48;2;31;17;46m▂[0m[38;2;143;50;56;48;2;35;14;38m▂[0m[38;2;135;52;53;48;2;30;17;47m▂[0m[38;2;133;49;58;48;2;33;17;45m▁[0m[38;2;58;23;43;48;2;37;20;44m▁[0m[38;2;31;17;46;48;2;51;22;46m▅[0m[38;2;34;17;48;48;2;52;21;43m▆[0m[38;2;29;16;43;48;2;42;19;48m▄[0m[38;2;31;17;43;48;2;43;20;47m▅[0m[38;2;24;16;46;48;2;36;17;44m▁[0m[38;2;34;17;43;48;2;41;21;45m▄[0m[38;2;25;14;43;48;2;39;20;46m▁[0m[38;2;23;15;42;48;2;42;20;46m▁[0m[38;2;26;15;44;48;2;40;20;44m▂[0m[38;2;27;15;42;48;2;39;19;44m▄[0m[38;2;29;16;46;48;2;40;20;45m▆[0m[38;2;33;15;43;48;2;27;14;44m┷[0m[38;2;20;15;41;48;2;33;18;43m▂[0m[38;2;22;13;40;48;2;35;19;45m▂[0m[38;2;27;17;44;48;2;39;20;45m▄[0m[38;2;23;15;43;48;2;34;20;47m▃[0m[38;2;42;24;49;48;2;28;16;46m─[0m[38;2;33;18;48;48;2;24;15;44m─[0m[38;2;24;14;43;48;2;27;16;45m▌[0m[38;2;23;13;41;48;2;27;16;46m┱[0m[38;2;22;14;44;48;2;28;18;45m▇[0m[38;2;21;15;45;48;2;28;16;44m▆[0m[38;2;19;14;43;48;2;27;16;44m▆[0m
[0m[38;2;171;57;47;48;2;228;95;56m▆[0m[38;2;202;78;46;48;2;147;41;38m▇[0m[38;2;217;83;49;48;2;199;74;51m┌[0m[38;2;223;90;45;48;2;197;70;48m▆[0m[38;2;231;102;46;48;2;191;60;40m▄[0m[38;2;232;130;46;48;2;201;80;46m▄[0m[38;2;213;109;39;48;2;243;147;48m┷[0m[38;2;209;96;47;48;2;248;157;46m┷[0m[38;2;203;83;44;48;2;239;156;43m━[0m[38;2;251;219;60;48;2;229;97;53m▁[0m[38;2;244;215;95;48;2;223;108;42m▁[0m[38;2;229;133;53;48;2;245;235;119m▇[0m[38;2;237;114;53;48;2;250;203;71m▆[0m[38;2;231;103;46;48;2;249;148;53m▅[0m[38;2;211;86;49;48;2;248;121;56m━[0m[38;2;224;92;52;48;2;248;128;61m▄[0m[38;2;220;90;58;48;2;243;109;59m▄[0m[38;2;230;98;57;48;2;220;83;55m▇[0m[38;2;230;96;62;48;2;227;93;57m╍[0m[38;2;227;94;62;48;2;217;82;62m▆[0m[38;2;225;92;65;48;2;216;81;61m▅[0m[38;2;219;86;64;48;2;214;78;62m▄[0m[38;2;214;83;66;48;2;210;81;61m┪[0m[38;2;210;78;61;48;2;201;72;59m▍[0m[38;2;190;67;59;48;2;182;65;58m▌[0m[38;2;175;64;63;48;2;167;60;59m▌[0m[38;2;162;59;56;48;2;150;54;55m▅[0m[38;2;137;49;59;48;2;155;55;54m▝[0m[38;2;143;52;52;48;2;125;47;55m▆[0m[38;2;133;50;57;48;2;118;44;52m▄[0m[38;2;123;46;58;48;2;103;38;49m▆[0m[38;2;115;43;55;48;2;97;37;53m▆[0m[38;2;109;41;54;48;2;78;34;54m▆[0m[38;2;102;40;55;48;2;61;26;48m▆[0m[38;2;95;38;53;48;2;58;25;45m▆[0m[38;2;92;35;50;48;2;45;19;43m▆[0m[38;2;88;34;52;48;2;37;16;42m▆[0m[38;2;84;32;51;48;2;29;18;44m▆[0m[38;2;80;31;47;48;2;25;13;40m▆[0m[38;2;73;31;51;48;2;25;13;43m▆[0m[38;2;70;26;47;48;2;28;17;43m▆[0m[38;2;69;27;47;48;2;25;14;41m▅[0m[38;2;62;24;47;48;2;18;14;43m▆[0m[38;2;59;25;49;48;2;20;15;43m▆[0m[38;2;57;23;47;48;2;18;12;40m▆[0m[38;2;56;24;47;48;2;19;14;41m▆[0m[38;2;52;20;43;48;2;19;13;45m▅[0m[38;2;50;22;46;48;2;19;15;44m▅[0m[38;2;48;21;44;48;2;20;16;43m▅[0m[38;2;47;23;44;48;2;20;14;45m▅[0m[38;2;45;19;43;48;2;18;14;42m▅[0m[38;2;43;19;48;48;2;18;14;41m▅[0m
[0m[38;2;139;40;43;48;2;153;50;48m┻[0m[38;2;223;93;60;48;2;145;45;44m▁[0m[38;2;233;99;60;48;2;146;45;39m▁[0m[38;2;234;103;55;48;2;145;45;38m▁[0m[38;2;227;105;51;48;2;145;42;40m▁[0m[38;2;220;101;45;48;2;160;48;42m▁[0m[38;2;206;68;44;48;2;169;55;51m┷[0m[38;2;238;103;48;48;2;165;52;44m━[0m[38;2;223;89;47;48;2;167;53;42m━[0m[38;2;218;82;44;48;2;166;52;41m┻[0m[38;2;166;58;43;48;2;222;81;42m▂[0m[38;2;200;83;38;48;2;250;236;82m▆[0m[38;2;208;88;45;48;2;249;193;57m▆[0m[38;2;204;72;47;48;2;249;166;51m▅[0m[38;2;221;77;50;48;2;250;145;55m▅[0m[38;2;224;78;51;48;2;246;133;57m▄[0m[38;2;216;79;50;48;2;244;126;61m▃[0m[38;2;218;79;57;48;2;244;115;67m▃[0m[38;2;219;82;58;48;2;235;101;63m▂[0m[38;2;229;96;63;48;2;223;87;59m━[0m[38;2;221;86;65;48;2;210;79;60m▆[0m[38;2;219;86;65;48;2;210;78;58m▃[0m[38;2;212;81;64;48;2;208;78;60m▅[0m[38;2;199;74;63;48;2;212;81;68m▆[0m[38;2;194;73;62;48;2;186;68;63m╴[0m[38;2;163;56;56;48;2;178;66;62m━[0m[38;2;164;57;56;48;2;175;62;61m▅[0m[38;2;150;50;49;48;2;165;56;55m╼[0m[38;2;136;50;57;48;2;157;59;59m─[0m[38;2;161;57;57;48;2;141;51;54m▁[0m[38;2;139;49;56;48;2;136;47;56m┙[0m[38;2;117;45;54;48;2;130;49;58m▃[0m[38;2;109;41;50;48;2;121;49;59m▂[0m[38;2;103;39;50;48;2;114;45;56m▂[0m[38;2;92;33;47;48;2;108;40;51m▁[0m[38;2;107;41;53;48;2;101;38;53m▖[0m[38;2;89;33;51;48;2;98;37;52m▁[0m[38;2;99;37;52;48;2;88;34;50m▄[0m[38;2;98;39;54;48;2;85;32;49m▃[0m[38;2;93;35;50;48;2;78;31;48m▃[0m[38;2;91;35;52;48;2;73;28;49m▂[0m[38;2;77;30;48;48;2;69;28;47m▃[0m[38;2;83;32;51;48;2;66;26;47m▁[0m[38;2;70;27;47;48;2;63;27;48m▂[0m[38;2;64;26;46;48;2;59;24;46m▂[0m[38;2;63;25;46;48;2;57;23;46m▂[0m[38;2;57;23;47;48;2;53;21;44m▇[0m[38;2;55;23;46;48;2;53;22;45m▂[0m[38;2;55;21;46;48;2;50;20;44m▖[0m[38;2;50;22;45;48;2;49;21;44m╼[0m[38;2;50;22;45;48;2;46;20;44m▎[0m[38;2;46;20;45;48;2;44;20;44m┱[0m
[0m[38;2;67;24;43;48;2;145;44;45m▃[0m[38;2;81;28;40;48;2;141;42;44m▂[0m[38;2;133;43;45;48;2;172;57;41m▇[0m[38;2;150;48;48;48;2;135;41;44m┻[0m[38;2;131;41;47;48;2;147;45;44m▃[0m[38;2;136;47;53;48;2;215;89;46m▆[0m[38;2;137;41;44;48;2;174;54;40m▅[0m[38;2;142;45;43;48;2;228;107;42m▆[0m[38;2;144;45;44;48;2;236;98;47m▆[0m[38;2;145;46;49;48;2;211;75;49m▅[0m[38;2;149;44;40;48;2;204;75;55m▃[0m[38;2;156;47;39;48;2;215;77;42m▃[0m[38;2;245;117;47;48;2;163;48;44m━[0m[38;2;240;114;53;48;2;162;49;46m━[0m[38;2;244;124;57;48;2;172;56;41m━[0m[38;2;252;147;59;48;2;190;66;54m━[0m[38;2;249;132;63;48;2;195;71;50m━[0m[38;2;197;70;46;48;2;234;99;58m▂[0m[38;2;203;72;50;48;2;229;93;58m▂[0m[38;2;184;63;55;48;2;220;84;60m▁[0m[38;2;222;90;65;48;2;219;81;63m╺[0m[38;2;220;85;65;48;2;216;81;64m▊[0m[38;2;218;83;65;48;2;209;81;63m▇[0m[38;2;211;80;62;48;2;198;75;66m▌[0m[38;2;197;75;68;48;2;181;64;60m▁[0m[38;2;168;61;58;48;2;175;64;62m┎[0m[38;2;176;64;60;48;2;172;60;58m▁[0m[38;2;158;58;58;48;2;169;58;57m┍[0m[38;2;160;58;56;48;2;153;54;56m▆[0m[38;2;152;55;58;48;2;143;54;57m▍[0m[38;2;141;53;56;48;2;135;49;56m▍[0m[38;2;127;49;56;48;2;132;49;57m┇[0m[38;2;130;47;55;48;2;120;39;52m▋[0m[38;2;118;43;55;48;2;115;43;52m▃[0m[38;2;118;45;57;48;2;104;36;47m▅[0m[38;2;113;41;51;48;2;107;39;52m▅[0m[38;2;114;43;54;48;2;109;38;51m┬[0m[38;2;104;41;55;48;2;79;30;48m▇[0m[38;2;108;40;51;48;2;99;36;49m╾[0m[38;2;101;39;56;48;2;81;29;48m▆[0m[38;2;98;34;50;48;2;88;34;52m▆[0m[38;2;96;35;49;48;2;85;31;49m▃[0m[38;2;87;34;50;48;2;77;29;49m╾[0m[38;2;89;35;50;48;2;76;30;49m╾[0m[38;2;82;30;47;48;2;72;27;48m▖[0m[38;2;74;29;49;48;2;70;29;48m▄[0m[38;2;56;21;42;48;2;72;28;51m━[0m[38;2;56;22;44;48;2;65;26;48m━[0m[38;2;49;20;45;48;2;60;25;47m─[0m[38;2;58;24;47;48;2;53;21;45m▂[0m[38;2;54;23;45;48;2;50;21;44m━[0m[38;2;50;20;45;48;2;48;20;43m┿[0m
[0m[38;2;28;16;40;48;2;40;16;41m▅[0m[38;2;35;17;41;48;2;51;21;41m▆[0m[38;2;40;17;40;48;2;67;24;41m▆[0m[38;2;49;18;41;48;2;95;30;40m▆[0m[38;2;60;21;42;48;2;142;45;45m▆[0m[38;2;68;23;42;48;2;146;44;46m▄[0m[38;2;80;26;43;48;2;146;44;46m▃[0m[38;2;198;63;46;48;2;134;39;37m━[0m[38;2;185;59;38;48;2;145;50;42m▄[0m[38;2;229;95;50;48;2;142;43;44m▃[0m[38;2;241;161;46;48;2;152;54;52m▁[0m[38;2;210;70;47;48;2;151;49;55m▂[0m[38;2;164;55;49;48;2;150;47;49m▂[0m[38;2;152;50;52;48;2;148;49;52m▅[0m[38;2;162;52;49;48;2;154;50;48m▄[0m[38;2;158;53;51;48;2;172;58;55m━[0m[38;2;162;57;55;48;2;179;61;53m━[0m[38;2;163;55;56;48;2;171;61;56m┫[0m[38;2;179;62;56;48;2;169;57;50m▇[0m[38;2;161;55;55;48;2;169;57;55m▗[0m[38;2;178;66;64;48;2;168;57;53m▁[0m[38;2;188;65;57;48;2;179;61;53m▅[0m[38;2;195;73;65;48;2;190;67;58m─[0m[38;2;181;66;64;48;2;167;60;59m▌[0m[38;2;159;58;57;48;2;171;61;57m▅[0m[38;2;159;56;56;48;2;173;65;60m▆[0m[38;2;165;57;55;48;2;172;59;56m▅[0m[38;2;158;52;52;48;2;164;57;55m▂[0m[38;2;161;54;54;48;2;154;53;53m▉[0m[38;2;144;51;53;48;2;148;53;54m▅[0m[38;2;131;47;52;48;2;142;53;57m▆[0m[38;2;115;42;50;48;2;128;47;56m━[0m[38;2;100;34;47;48;2;122;44;54m━[0m[38;2;90;34;50;48;2;119;43;54m━[0m[38;2;88;33;47;48;2;111;43;55m╾[0m[38;2;100;37;51;48;2;113;45;56m▄[0m[38;2;95;33;49;48;2;109;37;52m┮[0m[38;2;108;40;52;48;2;98;36;49m┻[0m[38;2;93;33;47;48;2;103;38;53m▄[0m[38;2;95;32;48;48;2;103;39;51m▄[0m[38;2;90;32;49;48;2;104;37;50m▃[0m[38;2;88;31;45;48;2;102;40;53m▃[0m[38;2;75;26;47;48;2;95;34;51m▃[0m[38;2;73;28;48;48;2;92;33;48m▃[0m[38;2;65;27;50;48;2;89;33;48m▃[0m[38;2;62;27;49;48;2;82;32;51m▃[0m[38;2;61;24;48;48;2;74;30;49m▃[0m[38;2;61;24;48;48;2;70;27;48m▄[0m[38;2;55;22;43;48;2;66;27;47m▄[0m[38;2;54;22;45;48;2;61;26;48m▃[0m[38;2;54;20;44;48;2;56;24;47m▃[0m[38;2;57;23;47;48;2;52;20;44m┻[0m
