[0m[0m[38;2;44;60;58;48;2;62;73;74m▎[0m[38;2;74;75;69;48;2;105;94;81m▎[0m[38;2;88;82;63;48;2;128;117;49m▋[0m[38;2;114;118;36;48;2;90;93;43m▌[0m[38;2;66;72;42;48;2;42;53;48m▌[0m[38;2;38;51;46;48;2;40;56;55m▇[0m[38;2;39;49;50;48;2;50;66;63m▍[0m[38;2;55;62;60;48;2;49;58;52m╺[0m[38;2;58;61;50;48;2;52;62;62m╺[0m[38;2;56;60;47;48;2;47;55;51m▄[0m[38;2;73;67;51;48;2;50;60;45m▁[0m[38;2;54;61;45;48;2;59;66;49m▏[0m[38;2;69;70;53;48;2;60;64;49m┬[0m[38;2;70;72;43;48;2;58;62;58m┗[0m[38;2;69;65;47;48;2;104;88;63m▌[0m[38;2;87;77;58;48;2;123;109;63m▍[0m[38;2;57;59;39;48;2;109;103;62m▝[0m[38;2;132;120;73;48;2;105;99;53m╱[0m[38;2;95;91;54;48;2;70;69;47m▍[0m[38;2;47;52;36;48;2;119;117;58m▇[0m[38;2;38;47;42;48;2;42;49;47m▌[0m[38;2;36;46;52;48;2;42;52;53m╹[0m[38;2;71;69;57;48;2;47;51;50m▗[0m[38;2;108;102;80;48;2;64;64;56m▖[0m[38;2;91;80;52;48;2;61;57;51m▖[0m[38;2;96;82;60;48;2;61;64;58m▗[0m[38;2;73;66;55;48;2;63;56;51m▚[0m[38;2;61;55;50;48;2;75;67;55m▎[0m[38;2;69;63;49;48;2;76;68;53m▎[0m[38;2;78;71;54;48;2;58;57;52m▌[0m[38;2;73;65;48;48;2;54;55;39m▋[0m[38;2;59;59;41;48;2;88;76;62m▋[0m[38;2;96;80;58;48;2;75;64;55m▄[0m[38;2;69;60;43;48;2;76;65;52m▖[0m[38;2;47;49;46;48;2;76;64;53m▗[0m[38;2;44;44;47;48;2;76;62;49m▆[0m[38;2;60;53;50;48;2;46;41;44m▃[0m[38;2;45;44;47;48;2;95;83;62m▘[0m[38;2;46;47;40;48;2;79;72;51m▁[0m[38;2;50;51;45;48;2;96;80;43m▄[0m[38;2;69;58;48;48;2;49;43;40m▁[0m[38;2;60;52;43;48;2;94;80;57m╸[0m[38;2;97;81;53;48;2;60;48;36m▚[0m[38;2;93;83;39;48;2;59;56;40m▖[0m[38;2;51;51;28;48;2;95;88;44m▋[0m[38;2;112;92;42;48;2;85;78;41m┝[0m[38;2;87;80;45;48;2;58;56;37m▎[0m[38;2;73;69;32;48;2;47;44;35m▆[0m[38;2;141;127;10;48;2;102;82;53m▃[0m[38;2;120;104;53;48;2;81;80;17m╸[0m[38;2;44;53;18;48;2;84;78;31m▅[0m[38;2;49;56;18;48;2;83;79;7m▆[0m
[0m[38;2;71;80;80;48;2;109;105;84m▍[0m[38;2;125;114;89;48;2;104;96;80m▂[0m[38;2;111;97;78;48;2;101;93;68m▄[0m[38;2;88;81;65;48;2;71;79;40m▅[0m[38;2;102;93;69;48;2;51;58;40m▆[0m[38;2;74;76;65;48;2;60;68;64m┵[0m[38;2;50;60;57;48;2;60;67;67m▋[0m[38;2;74;81;82;48;2;58;63;65m▗[0m[38;2;62;66;63;48;2;55;62;64m▄[0m[38;2;113;100;65;48;2;77;75;48m▁[0m[38;2;79;74;47;48;2;100;89;66m▎[0m[38;2;85;78;49;48;2;65;68;55m▌[0m[38;2;62;64;56;48;2;73;69;57m▊[0m[38;2;84;75;67;48;2;67;67;58m▆[0m[38;2;105;96;69;48;2;88;84;64m╌[0m[38;2;96;90;54;48;2;130;119;76m▉[0m[38;2;127;113;59;48;2;116;102;54m┏[0m[38;2;119;111;66;48;2;93;91;50m▋[0m[38;2;97;90;61;48;2;86;85;51m╇[0m[38;2;81;82;43;48;2;57;64;44m▖[0m[38;2;34;47;47;48;2;50;59;59m╱[0m[38;2;64;74;66;48;2;49;59;60m▗[0m[38;2;90;83;74;48;2;72;75;65m╱[0m[38;2;69;69;62;48;2;80;81;67m┻[0m[38;2;76;77;65;48;2;89;80;71m▚[0m[38;2;90;78;59;48;2;80;67;58m╁[0m[38;2;91;85;68;48;2;75;66;55m┖[0m[38;2;86;80;62;48;2;66;58;54m┎[0m[38;2;49;48;44;48;2;74;67;53m╱[0m[38;2;87;75;46;48;2;69;65;48m▅[0m[38;2;61;54;40;48;2;79;70;52m▝[0m[38;2;64;61;52;48;2;83;75;58m▚[0m[38;2;73;66;50;48;2;104;93;60m▅[0m[38;2;110;90;53;48;2;78;65;36m▖[0m[38;2;81;69;46;48;2;47;53;57m▖[0m[38;2;101;91;67;48;2;61;57;51m┨[0m[38;2;41;43;42;48;2;73;71;61m▘[0m[38;2;87;74;62;48;2;64;58;52m▅[0m[38;2;99;79;49;48;2;77;61;44m▅[0m[38;2;102;85;57;48;2;84;68;44m╴[0m[38;2;93;85;40;48;2;104;84;57m▂[0m[38;2;49;55;47;48;2;87;73;46m▅[0m[38;2;47;44;37;48;2;82;74;62m▎[0m[38;2;114;92;70;48;2;71;66;55m▝[0m[38;2;88;70;50;48;2;51;49;41m▎[0m[38;2;88;81;63;48;2;52;54;45m┍[0m[38;2;67;58;46;48;2;57;56;47m▚[0m[38;2;63;58;30;48;2;89;74;50m▚[0m[38;2;121;116;18;48;2;83;87;5m▘[0m[38;2;31;37;30;48;2;57;64;11m▃[0m[38;2;32;37;39;48;2;39;48;20m▄[0m[38;2;35;38;34;48;2;46;51;28m▅[0m
[0m[38;2;149;131;92;48;2;121;110;84m▅[0m[38;2;128;112;84;48;2;135;125;90m┣[0m[38;2;125;110;87;48;2;109;99;77m▎[0m[38;2;106;95;79;48;2;144;136;78m▎[0m[38;2;112;111;77;48;2;74;82;65m▍[0m[38;2;59;65;59;48;2;70;75;58m▝[0m[38;2;100;105;73;48;2;67;79;67m▗[0m[38;2;85;86;71;48;2;140;122;89m▋[0m[38;2;140;127;80;48;2;87;77;57m▗[0m[38;2;129;126;86;48;2;82;86;71m▌[0m[38;2;86;90;70;48;2;132;126;84m▚[0m[38;2;84;85;69;48;2;55;62;63m▘[0m[38;2;67;70;76;48;2;57;61;67m▃[0m[38;2;95;81;71;48;2;80;76;64m╶[0m[38;2;88;81;70;48;2;76;73;65m▃[0m[38;2;114;95;52;48;2;87;83;67m▝[0m[38;2;108;94;82;48;2;112;96;50m▅[0m[38;2;106;92;69;48;2;98;89;52m▄[0m[38;2;90;81;52;48;2;70;68;63m▌[0m[38;2;99;89;74;48;2;68;70;60m┲[0m[38;2;112;105;92;48;2;84;81;71m▄[0m[38;2;71;70;62;48;2;86;83;68m┢[0m[38;2;99;95;86;48;2;76;71;58m╱[0m[38;2;67;71;71;48;2;78;75;63m╱[0m[38;2;63;62;56;48;2;91;84;68m▗[0m[38;2;69;65;58;48;2;56;55;52m▘[0m[38;2;60;53;43;48;2;71;70;55m┒[0m[38;2;75;69;57;48;2;55;55;58m▘[0m[38;2;48;48;43;48;2;88;80;68m▌[0m[38;2;64;68;64;48;2;95;78;58m▁[0m[38;2;89;81;62;48;2;80;72;60m╱[0m[38;2;64;61;49;48;2;91;83;67m▌[0m[38;2;97;84;66;48;2;92;74;48m╇[0m[38;2;98;83;57;48;2;85;72;56m▍[0m[38;2;75;69;43;48;2;48;55;45m▍[0m[38;2;84;76;63;48;2;109;100;54m▍[0m[38;2;123;119;3;48;2;100;103;15m▋[0m[38;2;79;82;30;48;2;49;54;35m▌[0m[38;2;121;105;45;48;2;47;51;39m▝[0m[38;2;110;110;19;48;2;75;77;16m▘[0m[38;2;55;58;42;48;2;69;73;25m▝[0m[38;2;31;41;44;48;2;44;48;41m┎[0m[38;2;50;55;55;48;2;44;50;46m▎[0m[38;2;54;56;49;48;2;91;84;62m▇[0m[38;2;57;60;53;48;2;47;54;47m▘[0m[38;2;84;74;49;48;2;60;60;48m▗[0m[38;2;40;47;45;48;2;62;59;48m▝[0m[38;2;89;81;61;48;2;70;62;56m╱[0m[38;2;80;66;52;48;2;62;63;61m▘[0m[38;2;66;68;48;48;2;47;47;52m▂[0m[38;2;115;110;96;48;2;49;51;56m▃[0m[38;2;128;114;89;48;2;67;69;54m▄[0m
[0m[38;2;98;95;86;48;2;166;148;90m▁[0m[38;2;138;143;134;48;2;144;126;87m▂[0m[38;2;134;127;84;48;2;106;97;81m▄[0m[38;2;134;130;82;48;2;112;102;80m▃[0m[38;2;148;132;71;48;2;121;112;75m▄[0m[38;2;134;122;81;48;2;89;92;64m▅[0m[38;2;88;93;54;48;2;167;163;76m▌[0m[38;2;153;135;59;48;2;110;102;68m▎[0m[38;2;94;86;62;48;2;130;117;73m▂[0m[38;2;123;112;71;48;2;92;90;69m▄[0m[38;2;100;86;77;48;2;66;73;64m▃[0m[38;2;119;106;83;48;2;96;86;69m┳[0m[38;2;97;84;75;48;2;114;100;81m▖[0m[38;2;111;100;89;48;2;94;89;73m┓[0m[38;2;78;76;74;48;2;85;80;74m┘[0m[38;2;84;74;72;48;2;99;87;77m▍[0m[38;2;116;108;96;48;2;99;87;77m▂[0m[38;2;103;92;81;48;2;90;81;74m▄[0m[38;2;80;76;68;48;2;92;85;66m▝[0m[38;2;108;96;77;48;2;95;84;69m▝[0m[38;2;85;77;63;48;2;98;88;71m▃[0m[38;2;67;65;65;48;2;92;87;76m▄[0m[38;2;80;72;67;48;2;93;88;80m▃[0m[38;2;85;83;79;48;2;72;73;70m▍[0m[38;2;64;64;65;48;2;46;50;54m▍[0m[38;2;82;79;70;48;2;43;48;52m▗[0m[38;2;78;71;52;48;2;58;61;59m▘[0m[38;2;83;84;69;48;2;53;62;60m▂[0m[38;2;103;94;86;48;2;45;56;43m▃[0m[38;2;92;81;71;48;2;51;61;46m▅[0m[38;2;128;122;110;48;2;75;70;54m━[0m[38;2;85;79;58;48;2;174;147;100m▄[0m[38;2;192;160;116;48;2;106;95;63m━[0m[38;2;178;153;95;48;2;112;87;52m━[0m[38;2;142;125;93;48;2;94;84;58m┷[0m[38;2;126;113;65;48;2;120;101;65m┞[0m[38;2;103;92;78;48;2;96;99;22m▄[0m[38;2;125;109;77;48;2;64;64;40m▄[0m[38;2;129;106;76;48;2;66;65;47m▄[0m[38;2;119;101;85;48;2;56;61;25m▅[0m[38;2;112;98;86;48;2;55;61;33m▅[0m[38;2;158;129;88;48;2;71;73;38m━[0m[38;2;136;119;59;48;2;97;85;69m┳[0m[38;2;113;112;103;48;2;82;70;52m▅[0m[38;2;121;112;102;48;2;61;57;48m▄[0m[38;2;153;131;97;48;2;87;76;54m▃[0m[38;2;156;133;87;48;2;82;73;55m▄[0m[38;2;165;139;110;48;2;67;65;56m▅[0m[38;2;159;139;116;48;2;60;64;50m▆[0m[38;2;170;148;107;48;2;123;118;57m▝[0m[38;2;104;102;47;48;2;164;137;97m▆[0m[38;2;99;94;55;48;2;123;117;62m▖[0m
[0m[38;2;113;106;90;48;2;79;84;74m▎[0m[38;2;108;100;75;48;2;125;123;85m▋[0m[38;2;158;144;84;48;2;131;129;109m▂[0m[38;2;175;163;136;48;2;150;135;84m▝[0m[38;2;132;131;104;48;2;180;169;143m▃[0m[38;2;208;184;150;48;2;166;159;117m┯[0m[38;2;208;184;141;48;2;164;148;116m▅[0m[38;2;212;186;146;48;2;163;147;82m▂[0m[38;2;157;144;91;48;2;108;97;67m▆[0m[38;2;186;167;120;48;2;129;122;86m▁[0m[38;2;168;155;109;48;2;108;108;72m▂[0m[38;2;168;154;123;48;2;114;116;58m▂[0m[38;2;181;164;122;48;2;125;116;87m▂[0m[38;2;178;160;125;48;2;130;120;99m▂[0m[38;2;174;161;109;48;2;112;103;64m▂[0m[38;2;153;142;83;48;2;89;82;68m▄[0m[38;2;177;157;114;48;2;114;103;88m▁[0m[38;2;156;141;89;48;2;119;103;82m▂[0m[38;2;136;121;68;48;2;117;101;81m▄[0m[38;2;134;125;77;48;2;94;88;72m▁[0m[38;2;141;130;85;48;2;99;95;66m▁[0m[38;2;131;122;96;48;2;84;81;70m▄[0m[38;2;199;176;134;48;2;84;79;75m▁[0m[38;2;191;166;129;48;2;91;84;51m▂[0m[38;2;167;142;105;48;2;71;74;60m▃[0m[38;2;141;119;83;48;2;71;75;53m▄[0m[38;2;141;125;100;48;2;67;64;64m━[0m[38;2;56;59;62;48;2;135;116;69m▄[0m[38;2;77;69;58;48;2;116;103;77m▇[0m[38;2;62;58;55;48;2;85;79;61m▎[0m[38;2;78;72;67;48;2;67;65;58m▗[0m[38;2;114;98;75;48;2;89;78;66m┏[0m[38;2;119;98;68;48;2;109;93;66m╱[0m[38;2;114;98;64;48;2;94;83;58m▎[0m[38;2;112;97;62;48;2;100;87;57m┏[0m[38;2;93;81;63;48;2;121;99;60m▇[0m[38;2;82;75;52;48;2;109;98;75m▘[0m[38;2;51;55;49;48;2;102;96;55m▗[0m[38;2;45;54;46;48;2;65;67;55m▅[0m[38;2;55;60;52;48;2;67;60;53m▉[0m[38;2;106;89;67;48;2;76;67;58m┛[0m[38;2;96;77;63;48;2;54;56;47m▖[0m[38;2;64;66;51;48;2;98;90;60m▊[0m[38;2;54;47;49;48;2;100;85;70m▃[0m[38;2;46;48;52;48;2;71;65;66m▅[0m[38;2;45;49;50;48;2;67;62;50m▎[0m[38;2;66;72;52;48;2;86;78;48m▇[0m[38;2;121;118;67;48;2;94;91;47m━[0m[38;2;101;102;51;48;2;120;109;64m┻[0m[38;2;155;137;85;48;2;132;123;68m▁[0m[38;2;126;115;67;48;2;97;94;45m▅[0m[38;2;134;125;64;48;2;126;120;68m┯[0m
[0m[38;2;145;137;89;48;2;125;116;77m▎[0m[38;2;162;139;115;48;2;115;109;81m▂[0m[38;2;146;127;97;48;2;172;153;87m▖[0m[38;2;186;165;96;48;2;161;143;76m▂[0m[38;2;170;150;78;48;2;156;136;81m┳[0m[38;2;173;155;85;48;2;120;125;100m▖[0m[38;2;123;115;71;48;2;147;145;104m▆[0m[38;2;90;93;60;48;2;144;130;81m▗[0m[38;2;135;133;87;48;2;201;184;147m▆[0m[38;2;148;140;85;48;2;209;185;146m▆[0m[38;2;169;157;82;48;2;152;143;71m▋[0m[38;2;132;120;74;48;2;173;162;129m▇[0m[38;2;129;113;65;48;2;145;132;83m╌[0m[38;2;150;140;83;48;2;128;115;84m▘[0m[38;2;128;114;88;48;2;106;88;71m▚[0m[38;2;101;92;63;48;2;150;139;103m▇[0m[38;2;74;76;63;48;2;153;139;109m▇[0m[38;2;62;62;55;48;2;132;123;94m▅[0m[38;2;85;79;68;48;2;180;160;122m▆[0m[38;2;123;123;79;48;2;177;156;116m▆[0m[38;2;124;121;61;48;2;195;167;128m▆[0m[38;2;114;97;79;48;2;195;170;128m▇[0m[38;2;120;100;77;48;2;167;150;107m▇[0m[38;2;129;108;88;48;2;111;92;79m▚[0m[38;2;106;91;78;48;2;94;80;71m▖[0m[38;2;114;90;78;48;2;100;86;84m▉[0m[38;2;87;73;69;48;2;53;55;60m▏[0m[38;2;43;55;47;48;2;46;55;54m▏[0m[38;2;63;61;60;48;2;55;58;56m▝[0m[38;2;88;81;63;48;2;65;65;56m▝[0m[38;2;68;64;50;48;2;111;101;70m▋[0m[38;2;112;96;75;48;2;147;119;83m▘[0m[38;2;137;120;93;48;2;108;94;68m▘[0m[38;2;103;89;52;48;2;84;74;69m▁[0m[38;2;113;96;66;48;2;67;67;56m▚[0m[38;2;93;79;66;48;2;114;98;80m╸[0m[38;2;125;110;68;48;2;107;90;66m┕[0m[38;2;77;75;56;48;2;51;52;47m▌[0m[38;2;54;56;45;48;2;46;53;44m▗[0m[38;2;130;114;78;48;2;60;56;45m▗[0m[38;2;122;98;71;48;2;142;120;88m▊[0m[38;2;135;110;76;48;2;102;77;65m▅[0m[38;2;76;70;51;48;2;114;93;52m▖[0m[38;2;126;111;65;48;2;79;68;68m▆[0m[38;2;95;91;58;48;2;54;59;42m▃[0m[38;2;74;75;61;48;2;108;98;68m▘[0m[38;2;123;112;64;48;2;82;77;59m▆[0m[38;2;132;122;71;48;2;118;110;62m┱[0m[38;2;147;132;83;48;2;138;121;76m┒[0m[38;2;196;170;123;48;2;146;129;75m╹[0m[38;2;148;130;76;48;2;123;107;72m╋[0m[38;2;141;129;76;48;2;121;111;74m▝[0m
[0m[38;2;179;159;119;48;2;132;124;99m▚[0m[38;2;189;157;111;48;2;146;131;104m╏[0m[38;2;128;116;100;48;2;146;130;107m┗[0m[38;2;107;101;86;48;2;172;153;126m▃[0m[38;2;198;174;122;48;2;161;143;112m┷[0m[38;2;170;147;71;48;2;161;138;95m▎[0m[38;2;183;165;106;48;2;139;132;79m▅[0m[38;2;99;98;79;48;2;153;145;81m▗[0m[38;2;98;104;51;48;2;146;137;77m▁[0m[38;2;141;128;67;48;2;117;117;72m▄[0m[38;2;141;141;69;48;2;116;120;74m▝[0m[38;2;112;117;65;48;2;153;140;75m▄[0m[38;2;144;134;65;48;2;131;117;75m╲[0m[38;2;143;132;74;48;2;137;124;70m┟[0m[38;2;104;99;61;48;2;127;117;73m▘[0m[38;2;138;123;99;48;2;118;107;75m▋[0m[38;2;105;95;73;48;2;80;76;52m▍[0m[38;2;98;88;59;48;2;81;71;57m▄[0m[38;2;113;96;58;48;2;81;78;63m▖[0m[38;2;110;97;67;48;2;92;82;49m▝[0m[38;2;135;120;65;48;2;98;89;59m▚[0m[38;2;85;89;54;48;2;136;124;64m┓[0m[38;2;151;137;81;48;2;126;105;77m▎[0m[38;2;151;124;84;48;2;116;106;68m▗[0m[38;2;133;117;85;48;2;111;100;65m▍[0m[38;2;95;88;69;48;2;122;107;75m▝[0m[38;2;93;83;74;48;2;56;59;56m▋[0m[38;2;92;88;64;48;2;46;52;60m▖[0m[38;2;55;64;70;48;2;54;60;56m▗[0m[38;2;56;66;66;48;2;47;53;58m▄[0m[38;2;38;41;49;48;2;52;56;59m┓[0m[38;2;153;129;88;48;2;84;80;88m▝[0m[38;2;166;139;96;48;2;130;109;76m━[0m[38;2;179;144;108;48;2;140;114;87m▖[0m[38;2;92;84;66;48;2;115;98;85m╺[0m[38;2;95;88;67;48;2;118;97;82m▉[0m[38;2;134;107;85;48;2;96;86;75m▂[0m[38;2;113;93;79;48;2;77;67;65m▖[0m[38;2;98;82;72;48;2;68;60;63m▃[0m[38;2;154;123;76;48;2;96;87;60m▝[0m[38;2;140;129;78;48;2;164;135;95m▃[0m[38;2;133;121;66;48;2;153;136;76m┲[0m[38;2;145;136;78;48;2;98;87;57m▄[0m[38;2;155;135;81;48;2;144;129;72m┳[0m[38;2;153;133;79;48;2;136;124;81m▇[0m[38;2;117;91;79;48;2;148;127;79m▝[0m[38;2;115;114;67;48;2;81;70;66m▂[0m[38;2;108;105;65;48;2;85;87;56m┕[0m[38;2;96;84;78;48;2;129;119;73m▆[0m[38;2;117;103;79;48;2;124;104;77m┗[0m[38;2;143;116;82;48;2;110;95;82m╸[0m[38;2;110;89;73;48;2;140;109;88m▌[0m
[0m[38;2;113;128;126;48;2;100;118;119m▗[0m[38;2;113;134;125;48;2;124;134;119m▌[0m[38;2;177;168;134;48;2;130;135;125m▃[0m[38;2;187;169;135;48;2;153;135;110m▄[0m[38;2;202;177;143;48;2;138;128;113m▆[0m[38;2;212;181;130;48;2;191;170;116m┺[0m[38;2;164;153;95;48;2;177;159;96m▝[0m[38;2;126;116;86;48;2;148;144;88m▂[0m[38;2;92;83;64;48;2;146;132;96m▃[0m[38;2;184;160;99;48;2;122;109;72m▃[0m[38;2;137;130;70;48;2;95;88;69m▅[0m[38;2;148;140;82;48;2;108;101;67m▃[0m[38;2;142;130;80;48;2;109;109;68m▅[0m[38;2;110;102;77;48;2;134;122;70m▅[0m[38;2;159;134;66;48;2;139;129;79m┍[0m[38;2;116;115;80;48;2;143;132;83m┛[0m[38;2;114;110;74;48;2;151;138;79m▖[0m[38;2;136;129;81;48;2;100;98;54m▆[0m[38;2;97;94;71;48;2;130;124;72m╲[0m[38;2;169;147;77;48;2;117;104;70m▗[0m[38;2;135;125;74;48;2;105;94;50m▇[0m[38;2;82;85;58;48;2;113;108;64m╱[0m[38;2;104;96;56;48;2;134;132;67m▎[0m[38;2;136;134;68;48;2;117;113;72m┡[0m[38;2;129;123;70;48;2;120;106;76m┣[0m[38;2;115;112;70;48;2;126;127;69m▋[0m[38;2;89;98;55;48;2;131;119;65m┕[0m[38;2;126;130;69;48;2;77;88;60m▃[0m[38;2;136;116;89;48;2;61;68;75m▄[0m[38;2;58;61;65;48;2;45;55;56m▄[0m[38;2;63;67;74;48;2;50;58;61m▄[0m[38;2;53;56;65;48;2;105;108;114m▅[0m[38;2;114;118;120;48;2;88;86;88m▚[0m[38;2;96;91;79;48;2;128;124;123m▚[0m[38;2;94;88;71;48;2;139;116;78m▊[0m[38;2;181;149;93;48;2;142;123;79m━[0m[38;2;174;145;99;48;2;129;111;79m▗[0m[38;2;174;148;94;48;2;131;105;79m▄[0m[38;2;159;139;89;48;2;121;100;77m▖[0m[38;2;112;105;74;48;2;128;126;68m▄[0m[38;2;92;84;68;48;2;146;132;68m▃[0m[38;2;86;81;66;48;2;137;125;62m▅[0m[38;2;75;70;60;48;2;111;97;80m╅[0m[38;2;143;111;75;48;2;160;124;82m▌[0m[38;2;164;130;85;48;2;128;112;87m▍[0m[38;2;122;94;74;48;2;141;122;90m▂[0m[38;2;122;107;75;48;2;106;92;75m▘[0m[38;2;67;61;63;48;2;90;81;73m▂[0m[38;2;66;63;65;48;2;105;90;79m▄[0m[38;2;67;62;70;48;2;104;91;74m▅[0m[38;2;74;62;70;48;2;94;76;64m▊[0m[38;2;52;46;50;48;2;124;97;73m▅[0m
[0m[38;2;138;154;117;48;2;145;159;121m▃[0m[38;2;145;155;120;48;2;148;157;124m▃[0m[38;2;175;171;136;48;2;152;157;124m▝[0m[38;2;161;162;123;48;2;169;166;131m▄[0m[38;2;172;144;103;48;2;185;161;132m┏[0m[38;2;89;82;63;48;2;164;145;100m▗[0m[38;2;71;78;72;48;2;164;143;107m▃[0m[38;2;104;105;98;48;2;78;71;69m▁[0m[38;2;83;77;64;48;2;127;116;99m▘[0m[38;2;174;142;88;48;2;156;123;85m╲[0m[38;2;145;121;88;48;2;168;141;86m▅[0m[38;2;154;132;79;48;2;165;147;87m▂[0m[38;2;162;147;84;48;2;150;134;84m▅[0m[38;2;167;147;84;48;2;132;117;74m▄[0m[38;2;151;133;75;48;2;109;105;73m▂[0m[38;2;105;105;75;48;2;143;141;83m▅[0m[38;2;158;146;81;48;2;142;137;77m▖[0m[38;2;158;146;81;48;2;129;126;80m [0m[38;2;87;101;60;48;2;119;122;69m┮[0m[38;2;102;108;63;48;2;123;121;63m┴[0m[38;2;107;100;68;48;2;135;127;63m╺[0m[38;2;98;101;82;48;2;145;126;85m▖[0m[38;2;176;155;88;48;2;128;119;74m▂[0m[38;2;102;105;63;48;2;144;139;54m▉[0m[38;2;135;125;70;48;2;127;121;65m▌[0m[38;2;143;127;74;48;2;110;122;62m╲[0m[38;2;106;114;56;48;2;141;141;69m▊[0m[38;2;136;129;68;48;2;154;144;73m▌[0m[38;2;161;144;88;48;2;137;119;91m┳[0m[38;2;73;69;66;48;2;111;106;72m▝[0m[38;2;98;92;66;48;2;66;66;58m▖[0m[38;2;58;60;63;48;2;74;79;71m▝[0m[38;2;100;105;111;48;2;49;56;62m▝[0m[38;2;106;106;118;48;2;118;116;119m▖[0m[38;2;120;119;118;48;2;86;83;83m▆[0m[38;2;113;109;111;48;2;85;76;73m▅[0m[38;2;97;101;103;48;2;76;72;70m▃[0m[38;2;157;132;66;48;2;83;73;71m▝[0m[38;2;68;74;75;48;2;119;96;76m▅[0m[38;2;111;96;81;48;2;81;73;60m▌[0m[38;2;58;54;55;48;2;103;87;64m▆[0m[38;2;57;73;71;48;2;57;56;60m▁[0m[38;2;70;60;54;48;2;75;86;86m╍[0m[38;2;38;34;41;48;2;80;76;57m▝[0m[38;2;40;45;48;48;2;131;108;78m━[0m[38;2;46;55;57;48;2;100;88;77m▄[0m[38;2;93;76;66;48;2;54;50;58m╍[0m[38;2;49;67;69;48;2;55;53;58m▂[0m[38;2;82;66;62;48;2;59;62;69m┦[0m[38;2;119;92;74;48;2;65;57;58m╹[0m[38;2;51;49;63;48;2;82;79;82m┩[0m[38;2;54;48;55;48;2;89;89;94m▝[0m
[0m[38;2;125;148;116;48;2;136;154;120m▄[0m[38;2;124;153;116;48;2;137;153;119m▖[0m[38;2;134;156;120;48;2;138;154;120m▖[0m[38;2;139;152;122;48;2;153;158;126m▅[0m[38;2;147;157;121;48;2;162;160;122m▆[0m[38;2;164;163;117;48;2;149;159;125m▘[0m[38;2;151;157;121;48;2;95;99;86m▆[0m[38;2;160;149;108;48;2;162;161;126m▘[0m[38;2;171;163;128;48;2;184;165;131m▊[0m[38;2;119;97;75;48;2;188;173;141m▝[0m[38;2;203;178;141;48;2;151;129;99m▅[0m[38;2;196;168;127;48;2;88;76;60m▖[0m[38;2;77;66;60;48;2;141;121;83m╸[0m[38;2;176;153;105;48;2;172;150;93m┳[0m[38;2;96;90;82;48;2;158;139;79m▄[0m[38;2;99;87;68;48;2;136;133;78m▄[0m[38;2;78;77;65;48;2;157;140;75m▄[0m[38;2;136;122;68;48;2;102;107;63m▋[0m[38;2;104;98;59;48;2;172;151;72m▖[0m[38;2;175;153;92;48;2;108;115;88m▄[0m[38;2;135;122;75;48;2;109;115;62m▄[0m[38;2;113;105;80;48;2;88;92;72m▌[0m[38;2;79;81;58;48;2;169;147;75m▖[0m[38;2;202;180;101;48;2;151;141;68m▖[0m[38;2;152;143;79;48;2;113;116;68m▆[0m[38;2;152;146;91;48;2;140;139;73m╈[0m[38;2;108;102;78;48;2;137;128;81m▅[0m[38;2;80;85;67;48;2;105;101;71m▆[0m[38;2;91;93;62;48;2;159;142;95m▅[0m[38;2;128;116;74;48;2;96;97;74m▘[0m[38;2;79;80;66;48;2;70;75;68m┻[0m[38;2;67;65;65;48;2;55;55;56m┭[0m[38;2;48;49;58;48;2;63;70;80m▋[0m[38;2;119;119;120;48;2;101;107;118m▝[0m[38;2;116;126;129;48;2;117;120;122m▅[0m[38;2;107;116;117;48;2;112;122;129m▖[0m[38;2;106;129;128;48;2;97;120;114m┵[0m[38;2;92;115;113;48;2;83;101;99m▆[0m[38;2;84;112;108;48;2;75;100;101m▆[0m[38;2;85;112;106;48;2;70;94;94m▆[0m[38;2;106;126;106;48;2;75;94;93m▅[0m[38;2;115;128;103;48;2;79;105;101m▅[0m[38;2;115;131;104;48;2;79;106;98m▆[0m[38;2;126;133;107;48;2;117;130;102m╼[0m[38;2;121;140;113;48;2;169;134;90m▄[0m[38;2;99;121;97;48;2;86;84;74m▃[0m[38;2;96;120;92;48;2;43;64;69m▄[0m[38;2;96;122;97;48;2;58;91;90m▄[0m[38;2;97;124;97;48;2;62;94;87m▅[0m[38;2;98;124;98;48;2;62;96;95m▅[0m[38;2;103;129;102;48;2;55;68;77m▆[0m[38;2;104;128;102;48;2;70;96;101m▆[0m
[0m[38;2;97;131;114;48;2;118;147;115m▄[0m[38;2;101;136;112;48;2;124;151;117m▃[0m[38;2;129;153;118;48;2;125;151;117m▘[0m[38;2;124;153;119;48;2;129;154;118m▖[0m[38;2;125;151;116;48;2;133;151;116m▄[0m[38;2;129;150;118;48;2;141;154;122m▄[0m[38;2;135;152;119;48;2;145;155;121m▅[0m[38;2;140;154;119;48;2;155;161;122m▄[0m[38;2;151;160;123;48;2;161;161;127m▄[0m[38;2;154;160;126;48;2;172;165;132m▄[0m[38;2;162;159;130;48;2;178;164;133m▅[0m[38;2;167;161;134;48;2;178;162;130m▄[0m[38;2;179;162;132;48;2;200;177;145m▅[0m[38;2;185;163;132;48;2;215;184;145m▅[0m[38;2;202;172;134;48;2;186;164;133m┷[0m[38;2;203;178;143;48;2;107;93;80m▅[0m[38;2;209;187;162;48;2;154;144;132m▅[0m[38;2;220;191;157;48;2;149;120;92m▆[0m[38;2;229;193;149;48;2;131;106;73m▖[0m[38;2;187;163;134;48;2;109;103;90m▂[0m[38;2;223;189;152;48;2;152;136;76m▁[0m[38;2;171;152;92;48;2;121;113;80m▍[0m[38;2;100;98;76;48;2;204;177;110m▊[0m[38;2;87;87;80;48;2;188;159;124m▗[0m[38;2;91;83;71;48;2;151;143;82m▂[0m[38;2;153;136;89;48;2;90;89;80m▌[0m[38;2;97;96;75;48;2;87;86;75m┹[0m[38;2;64;68;69;48;2;97;92;76m┳[0m[38;2;140;132;126;48;2;83;85;78m▃[0m[38;2;135;129;131;48;2;106;98;86m▃[0m[38;2;128;120;120;48;2;69;67;73m▄[0m[38;2;123;125;126;48;2;62;61;62m▄[0m[38;2;114;116;110;48;2;64;64;70m▅[0m[38;2;110;123;120;48;2;74;77;82m▅[0m[38;2;109;126;122;48;2;105;122;120m▊[0m[38;2;128;142;117;48;2;100;120;115m▂[0m[38;2;125;140;116;48;2;94;120;114m▃[0m[38;2;124;136;110;48;2;91;118;111m▅[0m[38;2;119;137;112;48;2;106;126;109m▅[0m[38;2;119;139;119;48;2;108;132;108m▖[0m[38;2;108;134;107;48;2;116;138;111m╍[0m[38;2;94;127;106;48;2;105;128;107m▂[0m[38;2;96;130;103;48;2;104;131;104m━[0m[38;2;100;132;109;48;2;118;133;104m▆[0m[38;2;93;127;102;48;2;103;128;106m▄[0m[38;2;84;125;99;48;2;94;128;100m▂[0m[38;2;90;124;105;48;2;81;117;99m▊[0m[38;2;84;125;107;48;2;74;113;97m▂[0m[38;2;75;121;99;48;2;92;128;106m▄[0m[38;2;78;122;96;48;2;86;125;98m▂[0m[38;2;75;118;91;48;2;89;123;96m▅[0m[38;2;55;102;88;48;2;81;120;92m▃[0m
[0m[38;2;95;128;114;48;2;84;125;115m╊[0m[38;2;125;152;146;48;2;89;125;119m▁[0m[38;2;114;140;123;48;2;89;128;110m▁[0m[38;2;124;152;123;48;2;113;147;115m╱[0m[38;2;112;147;116;48;2;123;149;117m▄[0m[38;2;115;145;120;48;2;122;149;118m▂[0m[38;2;121;149;119;48;2;128;151;116m▅[0m[38;2;122;148;118;48;2;132;152;122m▃[0m[38;2;132;155;119;48;2;139;155;124m▃[0m[38;2;140;155;122;48;2;144;156;124m▅[0m[38;2;144;158;130;48;2;156;162;129m▆[0m[38;2;157;158;127;48;2;146;157;127m▝[0m[38;2;148;159;129;48;2;164;161;131m▄[0m[38;2;153;158;129;48;2;171;162;131m▄[0m[38;2;167;166;138;48;2;178;166;136m▄[0m[38;2;174;165;131;48;2;179;171;140m▋[0m[38;2;213;192;169;48;2;188;171;146m▝[0m[38;2;195;175;145;48;2;211;187;161m▄[0m[38;2;199;176;142;48;2;222;196;162m▃[0m[38;2;192;170;140;48;2;225;201;168m▂[0m[38;2;222;197;169;48;2;230;206;178m▃[0m[38;2;220;194;167;48;2;186;163;142m━[0m[38;2;228;207;178;48;2;193;171;148m━[0m[38;2;210;186;163;48;2;139;126;115m▅[0m[38;2;211;184;157;48;2;165;150;133m▆[0m[38;2;212;189;166;48;2;165;135;104m▆[0m[38;2;209;183;155;48;2;143;128;108m▆[0m[38;2;204;176;150;48;2;173;146;126m▆[0m[38;2;194;167;143;48;2;144;135;127m▇[0m[38;2;187;158;135;48;2;139;132;126m▇[0m[38;2;171;143;121;48;2;140;131;126m▇[0m[38;2;183;158;127;48;2;171;145;121m┡[0m[38;2;161;147;115;48;2;157;148;120m▎[0m[38;2;146;147;120;48;2;144;143;119m┒[0m[38;2;138;142;118;48;2;127;137;116m▘[0m[38;2;118;138;112;48;2;127;141;116m▄[0m[38;2;104;131;106;48;2;124;145;118m▄[0m[38;2;101;133;108;48;2;112;137;113m▄[0m[38;2;132;145;128;48;2;99;134;117m▝[0m[38;2;129;150;132;48;2;103;129;111m▘[0m[38;2;99;133;109;48;2;89;126;108m▌[0m[38;2;79;122;107;48;2;94;126;106m▄[0m[38;2;77;121;100;48;2;95;127;104m▅[0m[38;2;62;117;98;48;2;89;130;113m▄[0m[38;2;67;119;95;48;2;81;125;98m▆[0m[38;2;70;122;101;48;2;81;126;101m▅[0m[38;2;64;120;94;48;2;79;124;101m▄[0m[38;2;59;113;100;48;2;73;121;101m▃[0m[38;2;61;116;94;48;2;71;123;98m▄[0m[38;2;54;113;90;48;2;68;118;93m▃[0m[38;2;55;117;92;48;2;70;119;95m▆[0m[38;2;63;117;92;48;2;57;105;92m▆[0m
[0m[38;2;78;124;112;48;2;82;126;114m┻[0m[38;2;93;126;120;48;2;82;128;119m▝[0m[38;2;82;127;116;48;2;130;157;142m▅[0m[38;2;82;116;113;48;2;128;149;134m▃[0m[38;2;131;154;141;48;2;107;143;118m▖[0m[38;2;100;140;117;48;2;103;141;116m╸[0m[38;2;100;141;113;48;2;112;144;113m▅[0m[38;2;103;140;113;48;2;112;142;112m▄[0m[38;2;109;140;114;48;2;118;147;116m▄[0m[38;2;118;146;117;48;2;141;157;128m▃[0m[38;2;147;162;140;48;2;134;155;129m▘[0m[38;2;127;151;122;48;2;132;151;124m▅[0m[38;2;132;153;124;48;2;138;154;128m▄[0m[38;2;149;160;130;48;2;139;158;127m▝[0m[38;2;142;154;126;48;2;153;160;133m▆[0m[38;2;144;154;127;48;2;157;163;131m▄[0m[38;2;155;159;127;48;2;171;166;137m▅[0m[38;2;158;153;124;48;2;178;169;138m▅[0m[38;2;163;159;124;48;2;174;158;127m▃[0m[38;2;177;163;127;48;2;136;119;104m▆[0m[38;2;115;105;97;48;2;173;157;138m▂[0m[38;2;207;175;144;48;2;165;141;124m▝[0m[38;2;163;139;102;48;2;197;167;133m▃[0m[38;2;101;90;81;48;2;203;176;141m▖[0m[38;2;177;155;130;48;2;123;119;115m▋[0m[38;2;121;114;104;48;2;97;108;118m▃[0m[38;2;81;91;103;48;2;114;124;131m┙[0m[38;2;112;116;127;48;2;151;145;136m▆[0m[38;2;141;126;115;48;2;180;155;109m▊[0m[38;2;143;132;123;48;2;90;85;89m▌[0m[38;2;110;111;108;48;2;60;69;86m▝[0m[38;2;72;76;89;48;2;115;115;118m▄[0m[38;2;68;93;96;48;2;121;130;118m▄[0m[38;2;83;114;111;48;2;131;141;117m▆[0m[38;2;65;106;104;48;2;120;138;118m▅[0m[38;2;53;97;98;48;2;108;133;104m▆[0m[38;2;48;102;101;48;2;94;127;108m▆[0m[38;2;47;102;101;48;2;86;127;118m▆[0m[38;2;38;101;98;48;2;79;123;102m▅[0m[38;2;39;101;93;48;2;74;120;107m▃[0m[38;2;54;110;103;48;2;80;119;96m▄[0m[38;2;54;116;95;48;2;70;118;97m▅[0m[38;2;47;106;92;48;2;57;111;95m▗[0m[38;2;46;105;91;48;2;49;106;96m┩[0m[38;2;54;112;96;48;2;50;106;94m▄[0m[38;2;42;102;94;48;2;55;110;91m▇[0m[38;2;41;103;93;48;2;55;109;91m▆[0m[38;2;37;99;88;48;2;40;103;91m┕[0m[38;2;37;101;89;48;2;40;102;91m┯[0m[38;2;36;96;88;48;2;33;94;88m▎[0m[38;2;33;92;88;48;2;35;98;89m▅[0m[38;2;29;94;86;48;2;50;112;91m▅[0m
[0m[38;2;83;129;114;48;2;89;133;116m┪[0m[38;2;92;126;119;48;2;85;128;115m▖[0m[38;2;71;120;113;48;2;82;128;117m▃[0m[38;2;73;122;119;48;2;69;117;111m▁[0m[38;2;77;123;112;48;2;107;136;130m╍[0m[38;2;91;135;122;48;2;82;126;115m┲[0m[38;2;88;132;118;48;2;80;128;115m▌[0m[38;2;64;106;103;48;2;84;133;111m╺[0m[38;2;62;103;104;48;2;96;138;108m▖[0m[38;2;101;140;117;48;2;106;140;115m▌[0m[38;2;123;153;127;48;2;116;146;121m┗[0m[38;2;113;148;123;48;2;122;150;122m▖[0m[38;2;121;152;121;48;2;126;152;122m▄[0m[38;2;124;155;123;48;2;129;154;122m▄[0m[38;2;126;152;123;48;2;135;154;125m▅[0m[38;2;128;152;123;48;2;136;151;124m▄[0m[38;2;119;138;116;48;2;132;149;118m▗[0m[38;2;132;135;104;48;2;172;146;117m▋[0m[38;2;124;113;99;48;2;148;132;111m┲[0m[38;2;130;123;117;48;2;156;136;112m▝[0m[38;2;120;106;83;48;2;165;145;121m▃[0m[38;2;171;148;110;48;2;186;165;106m▍[0m[38;2;199;183;109;48;2;153;147;88m▌[0m[38;2;159;150;88;48;2;121;115;84m▆[0m[38;2;142;140;77;48;2;151;147;81m╱[0m[38;2;154;149;84;48;2;143;138;76m━[0m[38;2;159;147;86;48;2;152;143;94m▌[0m[38;2;62;63;68;48;2;122;119;108m▃[0m[38;2;44;46;53;48;2;158;138;103m▆[0m[38;2;86;80;79;48;2;141;122;105m▗[0m[38;2;48;51;58;48;2;72;82;93m▗[0m[38;2;27;33;41;48;2;60;69;76m▖[0m[38;2;122;110;91;48;2;53;61;76m▄[0m[38;2;56;62;71;48;2;72;86;95m▗[0m[38;2;56;60;72;48;2;58;85;101m▌[0m[38;2;127;127;135;48;2;69;69;73m╾[0m[38;2;40;52;58;48;2;30;71;84m▖[0m[38;2;31;75;88;48;2;37;77;87m▎[0m[38;2;28;87;89;48;2;33;84;88m┏[0m[38;2;32;97;96;48;2;38;102;96m▋[0m[38;2;37;102;93;48;2;48;110;99m╴[0m[38;2;45;106;96;48;2;51;112;97m▗[0m[38;2;45;107;96;48;2;52;111;96m▅[0m[38;2;43;103;94;48;2;46;105;97m▄[0m[38;2;50;100;96;48;2;41;96;91m╸[0m[38;2;34;86;89;48;2;43;97;92m▗[0m[38;2;28;90;88;48;2;34;90;90m▗[0m[38;2;32;93;88;48;2;39;100;93m▆[0m[38;2;32;91;89;48;2;35;95;89m▃[0m[38;2;29;88;88;48;2;32;94;89m▁[0m[38;2;31;82;86;48;2;33;97;86m▃[0m[38;2;24;77;85;48;2;28;90;87m▄[0m
[0m[38;2;86;128;121;48;2;73;114;111m┛[0m[38;2;78;125;115;48;2;69;117;111m▘[0m[38;2;110;135;126;48;2;72;120;114m▄[0m[38;2;124;151;139;48;2;87;129;122m╱[0m[38;2;80;125;112;48;2;91;132;123m╱[0m[38;2;76;124;113;48;2;83;127;116m╲[0m[38;2;77;122;111;48;2;80;131;116m▄[0m[38;2;81;135;113;48;2;92;138;118m▌[0m[38;2;96;144;121;48;2;91;136;114m▃[0m[38;2;107;142;119;48;2;92;135;110m▝[0m[38;2;89;135;117;48;2;103;141;120m▃[0m[38;2;94;143;116;48;2;106;146;121m▃[0m[38;2;102;142;120;48;2;120;155;123m▆[0m[38;2;103;146;120;48;2;117;151;120m▅[0m[38;2;107;146;117;48;2;113;148;122m▂[0m[38;2;113;146;118;48;2;120;149;121m▗[0m[38;2;125;149;119;48;2;119;148;120m╏[0m[38;2;114;138;110;48;2;177;160;134m▋[0m[38;2;82;71;62;48;2;147;123;101m┛[0m[38;2;140;122;103;48;2;96;88;84m▉[0m[38;2;78;72;72;48;2;166;136;99m▋[0m[38;2;152;140;109;48;2;182;153;116m▂[0m[38;2;158;139;102;48;2;188;165;99m▃[0m[38;2;158;141;81;48;2;91;89;94m▘[0m[38;2;60;60;62;48;2;138;126;78m▃[0m[38;2;88;79;80;48;2;143;120;86m▂[0m[38;2;69;72;75;48;2;159;142;107m▄[0m[38;2;102;106;105;48;2;48;56;66m▘[0m[38;2;40;74;90;48;2;36;45;56m▃[0m[38;2;38;78;91;48;2;48;61;71m▄[0m[38;2;39;84;91;48;2;47;48;57m▄[0m[38;2;42;82;91;48;2;38;54;65m▄[0m[38;2;40;91;93;48;2;61;63;66m▅[0m[38;2;54;105;97;48;2;50;83;96m▂[0m[38;2;60;101;92;48;2;35;70;84m▄[0m[38;2;46;101;94;48;2;49;74;86m▅[0m[38;2;45;100;97;48;2;30;78;88m▅[0m[38;2;46;100;95;48;2;37;85;89m▆[0m[38;2;49;112;102;48;2;44;104;96m▅[0m[38;2;50;113;101;48;2;48;109;99m▇[0m[38;2;54;117;104;48;2;49;114;99m┃[0m[38;2;48;111;98;48;2;43;109;96m╾[0m[38;2;40;105;97;48;2;39;100;94m▂[0m[38;2;41;101;99;48;2;37;101;95m▗[0m[38;2;41;91;92;48;2;36;96;94m┾[0m[38;2;29;89;87;48;2;34;90;90m▃[0m[38;2;29;87;86;48;2;32;96;89m▄[0m[38;2;26;83;89;48;2;31;90;89m▂[0m[38;2;34;90;85;48;2;24;81;87m▘[0m[38;2;21;76;86;48;2;29;79;85m▅[0m[38;2;26;77;89;48;2;21;74;85m┶[0m[38;2;16;73;82;48;2;21;74;84m╺[0m
[0m[38;2;111;137;133;48;2;71;116;116m▂[0m[38;2;110;145;139;48;2;79;119;121m┯[0m[38;2;82;124;122;48;2;134;149;141m▅[0m[38;2;103;136;134;48;2;81;121;123m╺[0m[38;2;101;135;125;48;2;77;116;116m▘[0m[38;2;78;125;123;48;2;69;119;112m▄[0m[38;2;81;122;119;48;2;67;115;112m━[0m[38;2;69;119;117;48;2;83;125;121m▄[0m[38;2;72;124;115;48;2;83;133;123m▂[0m[38;2;75;127;116;48;2;89;142;118m▄[0m[38;2;84;135;117;48;2;90;137;117m▄[0m[38;2;82;134;113;48;2;90;139;117m▃[0m[38;2;88;136;115;48;2;92;141;117m▄[0m[38;2;89;136;115;48;2;98;142;117m▃[0m[38;2;91;139;116;48;2;100;143;118m▄[0m[38;2;95;139;116;48;2;105;143;116m▄[0m[38;2;93;94;85;48;2;95;113;101m┏[0m[38;2;133;130;102;48;2;81;107;97m▝[0m[38;2;191;158;127;48;2;115;111;103m▘[0m[38;2;73;72;76;48;2;123;107;93m▋[0m[38;2;117;107;95;48;2;63;64;69m▍[0m[38;2;65;81;77;48;2;127;113;88m▃[0m[38;2;59;79;79;48;2;113;104;91m▅[0m[38;2;53;94;93;48;2;50;58;67m▄[0m[38;2;73;111;107;48;2;49;83;86m▃[0m[38;2;76;115;107;48;2;55;71;84m▅[0m[38;2;91;126;110;48;2;45;83;93m▄[0m[38;2;87;117;106;48;2;48;86;91m▄[0m[38;2;65;97;96;48;2;43;85;91m▅[0m[38;2;67;103;104;48;2;52;93;95m▃[0m[38;2;67;105;98;48;2;50;91;94m▅[0m[38;2;68;100;105;48;2;50;99;96m▃[0m[38;2;53;93;92;48;2;49;105;98m▖[0m[38;2;46;109;100;48;2;56;105;99m▄[0m[38;2;50;94;92;48;2;54;94;95m╸[0m[38;2;43;103;99;48;2;51;87;88m▅[0m[38;2;43;101;93;48;2;49;103;94m▏[0m[38;2;42;100;100;48;2;45;108;96m▂[0m[38;2;46;112;98;48;2;52;115;101m▅[0m[38;2;42;112;100;48;2;49;116;99m▂[0m[38;2;38;106;98;48;2;49;117;101m▂[0m[38;2;37;107;96;48;2;43;106;100m▚[0m[38;2;30;92;93;48;2;33;100;97m▂[0m[38;2;22;84;90;48;2;29;98;93m▃[0m[38;2;22;81;89;48;2;33;92;91m▅[0m[38;2;20;79;90;48;2;25;85;86m▆[0m[38;2;26;81;88;48;2;27;84;91m▆[0m[38;2;21;81;88;48;2;25;82;89m▃[0m[38;2;24;80;87;48;2;23;81;92m┯[0m[38;2;19;78;86;48;2;22;77;88m▝[0m[38;2;24;81;91;48;2;22;77;84m▁[0m[38;2;28;81;89;48;2;24;76;83m▄[0m
[0m[38;2;73;112;120;48;2;85;122;120m▂[0m[38;2;81;117;119;48;2;74;113;114m▚[0m[38;2;122;148;151;48;2;72;114;118m╶[0m[38;2;65;108;112;48;2;82;121;126m▃[0m[38;2;64;109;114;48;2;83;127;125m▆[0m[38;2;64;113;117;48;2;66;111;115m▂[0m[38;2;61;109;112;48;2;64;113;114m▚[0m[38;2;59;106;111;48;2;65;115;115m▃[0m[38;2;62;107;110;48;2;64;115;114m▃[0m[38;2;63;113;112;48;2;68;117;111m▅[0m[38;2;61;111;111;48;2;69;119;112m▆[0m[38;2;58;112;108;48;2;67;126;112m▄[0m[38;2;65;118;109;48;2;80;135;116m▅[0m[38;2;80;134;112;48;2;75;131;114m▝[0m[38;2;78;131;111;48;2;84;133;112m▃[0m[38;2;81;134;113;48;2;91;137;111m▃[0m[38;2;90;138;119;48;2;79;134;110m╾[0m[38;2;86;137;112;48;2;95;137;114m▖[0m[38;2;94;138;112;48;2;94;138;113m┛[0m[38;2;96;139;113;48;2;98;120;105m▇[0m[38;2;98;141;117;48;2;88;113;98m▆[0m[38;2;101;138;112;48;2;96;131;111m╈[0m[38;2;96;106;103;48;2;89;130;109m▗[0m[38;2;108;108;100;48;2;92;129;111m▃[0m[38;2;73;107;104;48;2;94;127;107m▂[0m[38;2;128;143;121;48;2;95;126;107m▃[0m[38;2;159;123;96;48;2;83;107;101m▅[0m[38;2;53;93;104;48;2;88;117;108m▄[0m[38;2;180;145;120;48;2;87;107;98m▗[0m[38;2;55;66;73;48;2;80;116;101m▗[0m[38;2;44;79;92;48;2;91;112;102m▄[0m[38;2;86;89;93;48;2;52;83;96m┛[0m[38;2;34;87;98;48;2;50;94;96m▄[0m[38;2;38;103;98;48;2;47;110;102m▄[0m[38;2;44;106;101;48;2;49;109;100m▆[0m[38;2;43;110;102;48;2;46;106;99m▁[0m[38;2;37;97;98;48;2;58;101;100m▅[0m[38;2;50;94;99;48;2;37;95;96m▘[0m[38;2;34;100;99;48;2;33;106;96m▌[0m[38;2;37;108;97;48;2;33;101;94m▌[0m[38;2;25;90;92;48;2;31;95;93m▖[0m[38;2;35;97;94;48;2;29;89;92m▌[0m[38;2;27;85;94;48;2;31;88;97m▌[0m[38;2;31;89;96;48;2;26;87;92m▎[0m[38;2;23;83;91;48;2;25;84;92m┺[0m[38;2;24;79;84;48;2;24;83;91m▝[0m[38;2;20;80;90;48;2;20;79;88m╼[0m[38;2;22;80;91;48;2;25;80;87m▖[0m[38;2;28;83;90;48;2;24;81;88m╻[0m[38;2;23;79;87;48;2;26;79;88m▘[0m[38;2;27;82;88;48;2;24;78;87m▄[0m[38;2;20;79;87;48;2;28;77;83m▆[0m
[0m[38;2;71;121;118;48;2;71;117;119m▃[0m[38;2;73;123;119;48;2;70;115;114m▂[0m[38;2;64;112;116;48;2;66;110;114m┒[0m[38;2;60;108;112;48;2;63;108;113m┙[0m[38;2;64;109;112;48;2;62;110;116m▎[0m[38;2;62;112;117;48;2;63;109;115m╍[0m[38;2;64;112;116;48;2;61;108;114m▋[0m[38;2;61;111;115;48;2;60;107;115m┳[0m[38;2;63;110;114;48;2;59;106;112m┑[0m[38;2;60;109;108;48;2;57;106;111m┚[0m[38;2;57;102;109;48;2;59;107;111m▂[0m[38;2;58;106;112;48;2;61;115;110m▄[0m[38;2;59;111;111;48;2;64;116;109m▋[0m[38;2;60;110;109;48;2;72;121;109m▅[0m[38;2;62;112;111;48;2;67;123;113m▄[0m[38;2;66;125;112;48;2;76;129;113m▋[0m[38;2;71;119;112;48;2;75;130;114m▅[0m[38;2;82;126;112;48;2;84;131;112m▗[0m[38;2;78;117;107;48;2;89;132;112m▄[0m[38;2;68;112;105;48;2;91;135;111m▃[0m[38;2;96;138;117;48;2;90;120;110m┹[0m[38;2;126;142;131;48;2;79;111;101m▖[0m[38;2;58;92;100;48;2;72;100;101m▄[0m[38;2;90;112;112;48;2;123;121;120m▆[0m[38;2;172;146;116;48;2;128;123;117m▗[0m[38;2;175;153;141;48;2;120;115;108m▂[0m[38;2;115;118;124;48;2;201;176;145m▄[0m[38;2;89;97;111;48;2;46;70;90m▖[0m[38;2;148;122;99;48;2;53;79;94m▝[0m[38;2;137;108;80;48;2;60;72;78m▘[0m[38;2;36;79;93;48;2;44;70;90m▂[0m[38;2;40;83;97;48;2;31;75;91m▄[0m[38;2;56;88;95;48;2;32;93;98m▖[0m[38;2;33;97;98;48;2;37;101;100m▌[0m[38;2;40;106;104;48;2;32;102;100m▝[0m[38;2;34;103;98;48;2;41;106;102m▄[0m[38;2;33;100;101;48;2;28;91;98m▌[0m[38;2;26;87;97;48;2;32;92;95m▍[0m[38;2;31;100;99;48;2;32;102;100m▄[0m[38;2;27;90;94;48;2;28;98;96m▗[0m[38;2;27;87;95;48;2;26;88;91m▄[0m[38;2;28;87;93;48;2;25;85;93m▝[0m[38;2;28;89;94;48;2;29;87;94m▁[0m[38;2;24;89;94;48;2;27;89;92m┱[0m[38;2;24;89;94;48;2;27;88;93m [0m[38;2;27;86;92;48;2;24;85;90m▅[0m[38;2;26;88;91;48;2;24;84;92m▅[0m[38;2;27;90;93;48;2;22;83;91m▖[0m[38;2;23;84;87;48;2;23;83;89m▄[0m[38;2;26;81;91;48;2;24;83;88m╏[0m[38;2;25;84;88;48;2;22;82;88m▏[0m[38;2;22;86;90;48;2;22;81;87m▄[0m
[0m[38;2;71;114;115;48;2;74;118;117m┅[0m[38;2;73;113;117;48;2;75;119;118m▆[0m[38;2;75;114;119;48;2;66;115;117m▎[0m[38;2;68;113;116;48;2;65;110;118m▄[0m[38;2;62;113;117;48;2;64;111;112m━[0m[38;2;64;112;116;48;2;64;107;114m▅[0m[38;2;60;107;113;48;2;62;108;115m┍[0m[38;2;59;108;112;48;2;60;107;113m╎[0m[38;2;60;106;113;48;2;56;106;114m▌[0m[38;2;53;106;110;48;2;57;105;112m▘[0m[38;2;58;105;112;48;2;55;104;110m▃[0m[38;2;56;103;109;48;2;57;104;110m▘[0m[38;2;53;101;107;48;2;55;104;109m━[0m[38;2;54;102;111;48;2;56;105;110m▆[0m[38;2;53;101;106;48;2;55;106;108m╸[0m[38;2;58;114;107;48;2;66;122;113m▌[0m[38;2;59;116;109;48;2;72;125;112m▄[0m[38;2;74;127;112;48;2;73;114;107m▘[0m[38;2;74;110;107;48;2;99;107;108m▅[0m[38;2;64;94;97;48;2;88;98;100m▃[0m[38;2;88;106;106;48;2;71;102;101m▝[0m[38;2;95;105;104;48;2;154;138;130m▄[0m[38;2;72;99;105;48;2;61;73;88m▆[0m[38;2;70;92;97;48;2;87;105;102m▋[0m[38;2;63;85;92;48;2;150;140;129m▂[0m[38;2;107;99;98;48;2;182;160;131m▃[0m[38;2;175;162;147;48;2;64;74;80m▘[0m[38;2;54;61;71;48;2;44;86;96m▝[0m[38;2;51;92;94;48;2;30;72;88m▃[0m[38;2;68;96;98;48;2;31;80;97m▃[0m[38;2;67;87;93;48;2;31;79;98m▃[0m[38;2;45;91;104;48;2;31;82;96m▅[0m[38;2;34;100;99;48;2;33;91;94m▅[0m[38;2;38;103;102;48;2;32;100;96m▖[0m[38;2;33;99;98;48;2;29;96;97m▚[0m[38;2;30;99;97;48;2;27;97;96m▋[0m[38;2;30;94;94;48;2;31;95;97m▖[0m[38;2;27;91;99;48;2;29;93;98m▃[0m[38;2;32;100;99;48;2;26;94;98m▗[0m[38;2;35;101;101;48;2;30;95;96m▄[0m[38;2;30;95;99;48;2;27;90;93m▄[0m[38;2;30;94;96;48;2;26;90;96m▁[0m[38;2;26;91;93;48;2;24;92;98m▗[0m[38;2;23;90;92;48;2;28;91;98m▖[0m[38;2;29;89;91;48;2;29;87;93m▅[0m[38;2;26;88;91;48;2;27;92;94m▏[0m[38;2;40;101;100;48;2;26;90;92m▂[0m[38;2;27;94;93;48;2;25;91;91m┠[0m[38;2;24;92;90;48;2;24;88;88m▅[0m[38;2;22;87;89;48;2;25;86;89m┙[0m[38;2;24;88;93;48;2;23;87;89m▃[0m[38;2;21;87;89;48;2;21;86;91m▆[0m
[0m[38;2;74;120;115;48;2;72;120;119m▂[0m[38;2;71;117;118;48;2;65;113;117m▇[0m[38;2;69;114;117;48;2;70;115;118m╴[0m[38;2;70;120;119;48;2;65;113;118m▅[0m[38;2;69;117;120;48;2;67;115;120m▄[0m[38;2;69;114;119;48;2;63;110;116m▅[0m[38;2;63;110;115;48;2;60;107;113m▄[0m[38;2;63;109;115;48;2;59;109;113m▘[0m[38;2;60;107;114;48;2;58;107;111m▎[0m[38;2;58;108;114;48;2;54;107;115m▆[0m[38;2;56;104;111;48;2;57;105;112m┽[0m[38;2;55;104;109;48;2;54;102;109m▆[0m[38;2;59;105;111;48;2;56;106;110m╏[0m[38;2;48;107;109;48;2;55;106;109m▃[0m[38;2;54;113;111;48;2;52;108;110m▗[0m[38;2;53;110;111;48;2;59;116;111m▅[0m[38;2;53;101;110;48;2;53;105;106m▁[0m[38;2;50;103;106;48;2;60;105;106m▇[0m[38;2;57;108;110;48;2;59;104;107m▄[0m[38;2;69;114;112;48;2;58;108;105m▂[0m[38;2;55;100;99;48;2;67;106;103m━[0m[38;2;68;105;106;48;2;52;97;103m▄[0m[38;2;68;107;109;48;2;57;100;104m▃[0m[38;2;64;107;104;48;2;53;97;102m▅[0m[38;2;66;103;106;48;2;58;101;104m▅[0m[38;2;54;98;104;48;2;47;94;100m┯[0m[38;2;49;105;102;48;2;48;94;100m▄[0m[38;2;43;100;101;48;2;47;97;102m▅[0m[38;2;59;100;104;48;2;43;94;99m▝[0m[38;2;45;94;99;48;2;65;103;104m▄[0m[38;2;45;91;98;48;2;53;86;96m▆[0m[38;2;45;91;98;48;2;40;89;99m [0m[38;2;38;96;98;48;2;40;100;101m▃[0m[38;2;40;102;103;48;2;34;97;102m▘[0m[38;2;38;100;101;48;2;31;99;98m▅[0m[38;2;34;98;99;48;2;28;96;98m▌[0m[38;2;29;93;96;48;2;25;93;96m─[0m[38;2;25;93;96;48;2;29;94;102m╱[0m[38;2;31;96;100;48;2;24;97;98m▄[0m[38;2;32;101;100;48;2;37;105;105m▅[0m[38;2;34;97;100;48;2;29;94;98m▇[0m[38;2;40;99;101;48;2;33;97;99m┏[0m[38;2;31;96;95;48;2;27;90;95m▆[0m[38;2;20;92;91;48;2;27;91;93m▖[0m[38;2;24;93;97;48;2;29;93;95m▗[0m[38;2;25;92;93;48;2;29;90;92m▅[0m[38;2;25;95;95;48;2;34;94;97m▂[0m[38;2;32;94;95;48;2;34;95;96m╂[0m[38;2;32;92;93;48;2;26;92;91m▍[0m[38;2;26;92;92;48;2;22;89;90m▃[0m[38;2;21;89;90;48;2;27;90;92m▃[0m[38;2;26;90;91;48;2;23;88;91m▌[0m
[0m[38;2;74;123;120;48;2;75;124;121m▎[0m[38;2;74;125;118;48;2;73;121;118m▖[0m[38;2;71;117;116;48;2;70;118;119m└[0m[38;2;72;121;118;48;2;70;120;119m┶[0m[38;2;68;119;122;48;2;67;116;118m▅[0m[38;2;64;116;118;48;2;71;116;121m▇[0m[38;2;63;115;118;48;2;61;110;114m▌[0m[38;2;57;112;114;48;2;61;110;114m┏[0m[38;2;62;111;116;48;2;60;109;114m▍[0m[38;2;61;110;115;48;2;58;106;112m▅[0m[38;2;59;108;113;48;2;56;107;113m▆[0m[38;2;58;110;114;48;2;55;108;114m▂[0m[38;2;61;110;115;48;2;57;108;113m▖[0m[38;2;55;105;114;48;2;53;106;112m▝[0m[38;2;52;108;112;48;2;55;109;111m╳[0m[38;2;54;116;110;48;2;53;109;110m▄[0m[38;2;56;106;110;48;2;53;103;106m▍[0m[38;2;52;111;106;48;2;52;105;109m┕[0m[38;2;56;107;109;48;2;55;106;108m┪[0m[38;2;54;107;106;48;2;61;106;105m▇[0m[38;2;50;102;106;48;2;56;97;101m▄[0m[38;2;56;98;104;48;2;68;99;98m▆[0m[38;2;55;95;105;48;2;66;95;103m▆[0m[38;2;53;96;103;48;2;54;94;102m▄[0m[38;2;48;95;103;48;2;51;96;108m▅[0m[38;2;45;101;106;48;2;47;107;106m▌[0m[38;2;48;110;108;48;2;47;109;108m┽[0m[38;2;42;103;107;48;2;44;105;106m┊[0m[38;2;41;102;103;48;2;43;95;101m▅[0m[38;2;44;100;103;48;2;44;100;105m▏[0m[38;2;45;102;106;48;2;40;99;103m▍[0m[38;2;38;99;104;48;2;39;97;99m▄[0m[38;2;34;95;96;48;2;36;97;98m▘[0m[38;2;35;100;100;48;2;37;98;100m▂[0m[38;2;37;98;99;48;2;39;102;104m╎[0m[38;2;40;102;105;48;2;32;101;102m▃[0m[38;2;34;98;102;48;2;27;96;97m▃[0m[38;2;26;93;100;48;2;29;96;102m▘[0m[38;2;27;94;100;48;2;28;98;100m▘[0m[38;2;30;99;99;48;2;24;98;96m▉[0m[38;2;27;99;98;48;2;32;100;101m▏[0m[38;2;30;100;100;48;2;33;99;102m┌[0m[38;2;33;104;103;48;2;29;99;99m▃[0m[38;2;29;100;99;48;2;25;96;96m▂[0m[38;2;35;102;101;48;2;24;95;97m▁[0m[38;2;29;98;98;48;2;26;96;96m╺[0m[38;2;25;98;95;48;2;28;99;96m▃[0m[38;2;37;100;99;48;2;28;98;95m─[0m[38;2;31;101;98;48;2;27;100;95m▍[0m[38;2;30;98;95;48;2;26;96;94m┙[0m[38;2;24;96;93;48;2;17;91;92m▖[0m[38;2;15;94;91;48;2;19;91;92m▄[0m
[0m[38;2;78;122;119;48;2;76;124;121m▃[0m[38;2;72;124;118;48;2;75;125;121m╺[0m[38;2;74;122;121;48;2;68;119;120m▌[0m[38;2;67;116;117;48;2;67;118;119m┮[0m[38;2;68;117;118;48;2;66;118;117m▁[0m[38;2;68;119;120;48;2;67;118;119m┺[0m[38;2;67;122;118;48;2;65;116;120m▖[0m[38;2;66;117;117;48;2;61;116;117m▃[0m[38;2;60;114;116;48;2;64;115;119m┷[0m[38;2;60;114;116;48;2;59;113;115m┐[0m[38;2;59;107;113;48;2;60;110;112m┍[0m[38;2;57;110;115;48;2;62;110;116m▋[0m[38;2;60;112;116;48;2;62;111;114m┈[0m[38;2;59;115;116;48;2;57;111;113m▂[0m[38;2;58;114;113;48;2;52;112;113m▅[0m[38;2;53;112;112;48;2;57;115;116m▚[0m[38;2;52;111;108;48;2;54;112;111m┄[0m[38;2;55;109;110;48;2;56;105;110m▅[0m[38;2;54;111;110;48;2;55;114;112m▍[0m[38;2;55;113;109;48;2;54;114;111m▝[0m[38;2;48;107;109;48;2;50;109;109m▃[0m[38;2;49;107;109;48;2;53;100;111m▅[0m[38;2;49;104;108;48;2;53;96;104m▅[0m[38;2;49;103;109;48;2;47;93;101m▅[0m[38;2;48;104;107;48;2;47;101;107m▄[0m[38;2;47;108;106;48;2;43;106;106m▝[0m[38;2;48;110;109;48;2;45;107;106m▂[0m[38;2;46;106;105;48;2;47;107;106m┅[0m[38;2;44;105;107;48;2;43;103;104m▎[0m[38;2;42;102;104;48;2;45;105;106m▋[0m[38;2;46;105;105;48;2;40;102;103m▏[0m[38;2;41;103;104;48;2;37;101;102m▄[0m[38;2;38;102;102;48;2;36;100;100m▄[0m[38;2;33;100;101;48;2;36;101;104m▊[0m[38;2;34;102;103;48;2;37;102;103m╍[0m[38;2;39;102;106;48;2;35;102;103m▖[0m[38;2;37;99;100;48;2;36;100;103m┌[0m[38;2;34;99;101;48;2;35;100;102m▄[0m[38;2;28;96;100;48;2;32;98;101m▂[0m[38;2;36;98;101;48;2;31;97;103m┒[0m[38;2;33;99;102;48;2;28;98;98m▝[0m[38;2;32;103;103;48;2;40;103;102m▄[0m[38;2;30;101;97;48;2;37;105;104m▄[0m[38;2;35;101;95;48;2;33;103;101m▝[0m[38;2;43;110;107;48;2;37;103;102m╴[0m[38;2;42;107;103;48;2;31;99;97m▅[0m[38;2;31;102;98;48;2;26;98;94m▃[0m[38;2;24;97;93;48;2;25;97;97m▋[0m[38;2;25;100;98;48;2;24;95;96m▘[0m[38;2;29;99;97;48;2;25;97;93m▎[0m[38;2;21;95;93;48;2;27;98;96m━[0m[38;2;24;97;95;48;2;20;94;93m▌[0m
[0m[38;2;82;128;123;48;2;77;126;120m▂[0m[38;2;78;127;123;48;2;76;126;123m▏[0m[38;2;73;123;118;48;2;74;124;122m┨[0m[38;2;65;120;115;48;2;68;121;122m┗[0m[38;2;72;120;121;48;2;70;117;119m┊[0m[38;2;74;124;120;48;2;71;119;120m▝[0m[38;2;70;121;120;48;2;66;122;119m▉[0m[38;2;65;121;120;48;2;66;121;119m╻[0m[38;2;65;119;121;48;2;64;116;116m▅[0m[38;2;67;121;121;48;2;61;119;118m▏[0m[38;2;57;113;112;48;2;59;115;113m▝[0m[38;2;57;117;115;48;2;58;113;114m▁[0m[38;2;61;115;115;48;2;60;113;114m▃[0m[38;2;58;114;115;48;2;59;114;115m▉[0m[38;2;56;115;113;48;2;58;115;116m▃[0m[38;2;55;115;114;48;2;52;114;111m▋[0m[38;2;51;112;110;48;2;52;111;109m┙[0m[38;2;53;113;109;48;2;50;112;112m▄[0m[38;2;49;109;109;48;2;54;114;114m▗[0m[38;2;51;113;110;48;2;49;111;111m╵[0m[38;2;52;112;109;48;2;49;109;108m▂[0m[38;2;48;109;107;48;2;48;107;108m┉[0m[38;2;48;107;108;48;2;47;106;108m╷[0m[38;2;48;111;111;48;2;48;109;110m┙[0m[38;2;46;107;104;48;2;43;106;103m▊[0m[38;2;48;106;106;48;2;41;106;105m▆[0m[38;2;46;109;109;48;2;50;110;111m▇[0m[38;2;42;108;107;48;2;46;109;109m▇[0m[38;2;43;104;106;48;2;41;107;106m▃[0m[38;2;39;101;102;48;2;40;101;102m┠[0m[38;2;43;104;108;48;2;43;104;105m▎[0m[38;2;41;105;106;48;2;42;105;105m╲[0m[38;2;42;102;103;48;2;37;103;103m▘[0m[38;2;40;103;109;48;2;37;102;105m▂[0m[38;2;32;100;101;48;2;36;101;103m▝[0m[38;2;33;103;103;48;2;41;104;104m▆[0m[38;2;34;102;103;48;2;36;101;103m╳[0m[38;2;39;103;106;48;2;32;97;102m┻[0m[38;2;37;101;105;48;2;31;100;103m┷[0m[38;2;36;100;104;48;2;34;98;103m▅[0m[38;2;30;100;100;48;2;31;102;104m▅[0m[38;2;31;103;98;48;2;35;105;103m▊[0m[38;2;33;101;100;48;2;28;103;100m▘[0m[38;2;25;101;97;48;2;29;101;100m▍[0m[38;2;32;103;101;48;2;29;103;99m┳[0m[38;2;29;99;97;48;2;25;101;98m▆[0m[38;2;28;98;96;48;2;24;99;95m━[0m[38;2;29;97;95;48;2;25;96;94m━[0m[38;2;19;94;91;48;2;23;95;92m┺[0m[38;2;21;94;94;48;2;25;95;95m▖[0m[38;2;25;94;95;48;2;28;95;93m▌[0m[38;2;22;97;93;48;2;24;95;95m▆[0m
[0m[38;2;85;130;122;48;2;82;129;123m┩[0m[38;2;79;127;119;48;2;77;128;123m▄[0m[38;2;79;128;122;48;2;72;127;122m▖[0m[38;2;75;126;121;48;2;72;126;121m╎[0m[38;2;69;124;121;48;2;69;121;119m▍[0m[38;2;70;121;120;48;2;68;122;118m┦[0m[38;2;68;121;118;48;2;65;121;120m▊[0m[38;2;64;123;120;48;2;65;125;120m▋[0m[38;2;71;125;120;48;2;66;123;118m┒[0m[38;2;59;121;119;48;2;65;123;118m╶[0m[38;2;61;122;118;48;2;59;119;115m▆[0m[38;2;61;120;116;48;2;56;116;114m▃[0m[38;2;61;120;116;48;2;57;115;113m [0m[38;2;59;114;114;48;2;59;118;116m▉[0m[38;2;60;121;114;48;2;58;118;114m▂[0m[38;2;58;119;111;48;2;56;116;114m▃[0m[38;2;55;116;111;48;2;55;115;113m▃[0m[38;2;53;116;115;48;2;54;115;112m▁[0m[38;2;51;113;110;48;2;51;112;113m┷[0m[38;2;51;111;109;48;2;47;111;111m▇[0m[38;2;51;112;112;48;2;50;110;111m┩[0m[38;2;48;109;108;48;2;46;108;107m▌[0m[38;2;47;109;108;48;2;49;109;109m╼[0m[38;2;46;109;107;48;2;48;110;109m▄[0m[38;2;46;107;108;48;2;40;106;106m▋[0m[38;2;41;103;104;48;2;44;105;106m╲[0m[38;2;44;106;108;48;2;46;106;107m▌[0m[38;2;44;107;108;48;2;42;107;108m╾[0m[38;2;45;109;109;48;2;41;106;106m▃[0m[38;2;38;107;106;48;2;40;104;104m▁[0m[38;2;41;103;104;48;2;44;105;108m▝[0m[38;2;49;110;108;48;2;43;105;104m▘[0m[38;2;44;105;106;48;2;39;105;104m▅[0m[38;2;42;106;108;48;2;38;103;102m▗[0m[38;2;35;105;105;48;2;37;104;105m▋[0m[38;2;31;102;104;48;2;39;107;106m▝[0m[38;2;44;107;107;48;2;36;101;102m▖[0m[38;2;31;104;107;48;2;36;104;105m▝[0m[38;2;34;106;103;48;2;28;104;102m▁[0m[38;2;30;104;103;48;2;33;105;102m▌[0m[38;2;33;106;103;48;2;30;103;101m▖[0m[38;2;27;102;98;48;2;31;104;102m▍[0m[38;2;32;107;103;48;2;26;100;98m▎[0m[38;2;26;102;98;48;2;27;102;99m╻[0m[38;2;35;102;102;48;2;30;101;98m▃[0m[38;2;48;108;109;48;2;29;100;98m▗[0m[38;2;33;100;98;48;2;29;100;98m▖[0m[38;2;29;99;99;48;2;28;98;98m├[0m[38;2;23;96;95;48;2;23;94;92m▖[0m[38;2;22;93;93;48;2;24;92;93m▌[0m[38;2;26;94;95;48;2;28;96;95m▁[0m[38;2;26;95;95;48;2;23;95;93m▃[0m
[0m[38;2;86;132;122;48;2;84;132;120m▖[0m[38;2;76;132;124;48;2;78;131;123m┳[0m[38;2;73;129;121;48;2;74;131;122m┖[0m[38;2;73;130;124;48;2;72;128;121m┖[0m[38;2;73;129;122;48;2;72;127;121m▁[0m[38;2;72;129;122;48;2;66;125;119m▃[0m[38;2;64;126;115;48;2;66;124;118m╾[0m[38;2;69;125;117;48;2;65;121;119m▆[0m[38;2;68;125;118;48;2;67;125;118m▖[0m[38;2;69;124;117;48;2;66;126;118m▄[0m[38;2;67;126;118;48;2;65;124;116m▄[0m[38;2;64;124;116;48;2;62;122;114m▆[0m[38;2;60;122;111;48;2;57;119;116m━[0m[38;2;62;121;116;48;2;60;119;115m┊[0m[38;2;59;122;117;48;2;56;118;113m▚[0m[38;2;58;118;115;48;2;55;117;112m▖[0m[38;2;55;120;114;48;2;54;117;113m┏[0m[38;2;55;115;113;48;2;52;115;114m▅[0m[38;2;50;114;110;48;2;52;112;110m╈[0m[38;2;50;115;111;48;2;49;114;110m╌[0m[38;2;48;114;113;48;2;51;112;111m▗[0m[38;2;48;110;109;48;2;44;112;105m▆[0m[38;2;50;112;109;48;2;49;110;110m▃[0m[38;2;46;107;108;48;2;45;109;109m▝[0m[38;2;42;109;111;48;2;44;107;107m─[0m[38;2;40;109;106;48;2;44;108;110m━[0m[38;2;42;106;103;48;2;43;105;107m▖[0m[38;2;41;105;105;48;2;45;106;107m▘[0m[38;2;47;109;108;48;2;45;106;107m╅[0m[38;2;48;109;110;48;2;42;108;107m▄[0m[38;2;38;106;106;48;2;43;105;106m▇[0m[38;2;36;104;102;48;2;43;106;106m▇[0m[38;2;41;105;107;48;2;36;106;103m▌[0m[38;2;34;105;103;48;2;41;108;107m▍[0m[38;2;46;108;108;48;2;38;106;104m╾[0m[38;2;35;108;104;48;2;44;109;109m▇[0m[38;2;33;108;105;48;2;43;110;106m▃[0m[38;2;33;106;104;48;2;40;109;108m▍[0m[38;2;32;108;104;48;2;41;111;108m▂[0m[38;2;26;105;102;48;2;26;105;104m╎[0m[38;2;26;102;100;48;2;30;102;103m▄[0m[38;2;27;102;101;48;2;33;103;103m▋[0m[38;2;34;106;103;48;2;30;105;100m▗[0m[38;2;38;107;103;48;2;27;104;99m▄[0m[38;2;23;99;95;48;2;30;101;97m▅[0m[38;2;27;98;97;48;2;31;100;100m▅[0m[38;2;31;101;99;48;2;29;99;99m┈[0m[38;2;28;96;98;48;2;23;96;96m▅[0m[38;2;46;106;105;48;2;30;98;98m╾[0m[38;2;46;105;103;48;2;26;96;94m▂[0m[38;2;40;101;101;48;2;26;95;93m┚[0m[38;2;25;97;96;48;2;30;94;92m▅[0m
[0m[38;2;82;134;122;48;2;88;132;123m▇[0m[38;2;85;133;122;48;2;81;132;120m┞[0m[38;2;74;132;122;48;2;78;130;119m▝[0m[38;2;77;129;120;48;2;74;129;123m┸[0m[38;2;71;131;122;48;2;77;130;122m▘[0m[38;2;72;130;118;48;2;74;129;119m┕[0m[38;2;68;128;118;48;2;70;127;120m▝[0m[38;2;67;124;117;48;2;65;125;117m▃[0m[38;2;67;124;117;48;2;64;123;116m [0m[38;2;69;125;116;48;2;65;128;119m▎[0m[38;2;69;127;120;48;2;66;126;118m▅[0m[38;2;71;128;123;48;2;66;126;114m┒[0m[38;2;64;123;119;48;2;60;122;115m▄[0m[38;2;62;124;117;48;2;60;122;114m╸[0m[38;2;57;119;112;48;2;57;120;115m▁[0m[38;2;60;121;116;48;2;58;119;115m▏[0m[38;2;59;118;116;48;2;54;118;114m▄[0m[38;2;56;118;114;48;2;54;117;112m▄[0m[38;2;55;115;113;48;2;53;115;112m╷[0m[38;2;54;116;111;48;2;49;115;111m▆[0m[38;2;52;115;112;48;2;51;113;109m▍[0m[38;2;51;114;109;48;2;47;113;112m▅[0m[38;2;51;116;113;48;2;52;109;110m▇[0m[38;2;49;116;109;48;2;47;112;107m╾[0m[38;2;47;115;112;48;2;45;109;108m╻[0m[38;2;45;111;110;48;2;40;108;107m┢[0m[38;2;42;108;107;48;2;44;110;108m▝[0m[38;2;47;108;110;48;2;43;109;107m┹[0m[38;2;40;106;105;48;2;40;109;107m▘[0m[38;2;42;112;111;48;2;46;111;110m▗[0m[38;2;41;112;108;48;2;36;109;105m▏[0m[38;2;38;110;106;48;2;36;108;106m▆[0m[38;2;35;107;105;48;2;36;108;105m┆[0m[38;2;36;108;105;48;2;41;110;109m▋[0m[38;2;35;110;107;48;2;37;106;109m▊[0m[38;2;36;110;108;48;2;33;108;104m┊[0m[38;2;34;108;104;48;2;31;107;102m▘[0m[38;2;35;105;101;48;2;31;106;102m┚[0m[38;2;41;109;102;48;2;32;106;102m▁[0m[38;2;40;108;105;48;2;27;106;103m▅[0m[38;2;36;106;105;48;2;28;105;101m▌[0m[38;2;34;106;102;48;2;30;105;104m┫[0m[38;2;24;103;98;48;2;32;104;100m▆[0m[38;2;29;98;98;48;2;35;105;104m▃[0m[38;2;34;106;103;48;2;28;102;98m▃[0m[38;2;29;103;99;48;2;28;101;97m▁[0m[38;2;23;99;95;48;2;24;101;97m▎[0m[38;2;25;98;98;48;2;27;101;98m╍[0m[38;2;34;105;99;48;2;31;103;98m┚[0m[38;2;35;101;97;48;2;29;100;97m▅[0m[38;2;25;101;97;48;2;21;96;94m▖[0m[38;2;16;96;89;48;2;29;102;98m▁[0m
[0m[38;2;82;135;124;48;2;82;133;120m▍[0m[38;2;76;132;120;48;2;78;133;121m┕[0m[38;2;78;133;124;48;2;74;132;119m▋[0m[38;2;78;133;124;48;2;76;132;126m [0m[38;2;74;132;119;48;2;75;131;120m╴[0m[38;2;70;129;122;48;2;74;132;123m┙[0m[38;2;73;128;121;48;2;71;132;123m▂[0m[38;2;71;129;121;48;2;68;128;119m┘[0m[38;2;69;126;117;48;2;64;125;119m▄[0m[38;2;65;124;117;48;2;67;124;118m┗[0m[38;2;63;125;117;48;2;68;126;119m▃[0m[38;2;65;125;118;48;2;68;124;118m┗[0m[38;2;64;127;120;48;2;64;127;116m┪[0m[38;2;60;125;118;48;2;61;124;116m┬[0m[38;2;60;122;114;48;2;57;121;115m▃[0m[38;2;56;120;115;48;2;58;121;113m╇[0m[38;2;58;119;113;48;2;57;120;115m┎[0m[38;2;58;119;115;48;2;55;121;114m▂[0m[38;2;52;121;116;48;2;57;120;112m╸[0m[38;2;54;119;111;48;2;55;120;110m▚[0m[38;2;51;119;113;48;2;50;116;107m┓[0m[38;2;49;117;110;48;2;52;118;107m▆[0m[38;2;46;116;110;48;2;50;117;109m▃[0m[38;2;45;112;109;48;2;48;115;109m┗[0m[38;2;46;115;112;48;2;45;112;108m▏[0m[38;2;48;114;111;48;2;44;114;109m▁[0m[38;2;48;116;109;48;2;42;112;110m▖[0m[38;2;41;110;107;48;2;42;111;106m╈[0m[38;2;46;115;110;48;2;43;113;108m▗[0m[38;2;38;111;106;48;2;43;112;109m▗[0m[38;2;40;113;107;48;2;44;113;109m▅[0m[38;2;40;111;107;48;2;36;108;105m▌[0m[38;2;36;111;108;48;2;33;108;104m▗[0m[38;2;36;109;107;48;2;33;109;105m┦[0m[38;2;34;107;101;48;2;35;111;104m▏[0m[38;2;36;111;108;48;2;30;110;104m▘[0m[38;2;28;107;102;48;2;33;106;103m▃[0m[38;2;38;107;105;48;2;31;107;103m▖[0m[38;2;27;103;99;48;2;30;104;103m▖[0m[38;2;34;106;107;48;2;30;105;102m┛[0m[38;2;29;105;101;48;2;36;106;104m▆[0m[38;2;28;102;99;48;2;23;98;95m▊[0m[38;2;25;102;98;48;2;22;100;100m▃[0m[38;2;25;102;97;48;2;30;102;100m▅[0m[38;2;25;104;102;48;2;30;105;103m┺[0m[38;2;32;107;103;48;2;29;102;99m▄[0m[38;2;27;101;97;48;2;21;101;96m┉[0m[38;2;20;100;96;48;2;28;101;97m▋[0m[38;2;27;102;98;48;2;40;105;102m▆[0m[38;2;25;104;99;48;2;32;103;97m▅[0m[38;2;27;102;97;48;2;21;99;94m▂[0m[38;2;21;101;96;48;2;15;98;91m▃[0m
[0m[38;2;85;136;126;48;2;84;136;123m┓[0m[38;2;84;136;123;48;2;79;134;122m▎[0m[38;2;76;134;121;48;2;77;133;123m╶[0m[38;2;79;132;121;48;2;78;133;124m┓[0m[38;2;69;130;122;48;2;75;131;121m▝[0m[38;2;72;129;120;48;2;74;131;120m┄[0m[38;2;74;130;119;48;2;72;129;121m▍[0m[38;2;75;128;120;48;2;71;131;118m▖[0m[38;2;69;128;120;48;2;71;129;121m┺[0m[38;2;62;126;118;48;2;66;125;116m▝[0m[38;2;62;123;116;48;2;65;125;119m┩[0m[38;2;65;125;117;48;2;68;125;116m▄[0m[38;2;65;126;117;48;2;65;125;117m╵[0m[38;2;61;124;116;48;2;65;125;118m╱[0m[38;2;57;124;115;48;2;61;125;114m▗[0m[38;2;58;121;113;48;2;59;122;113m┠[0m[38;2;55;122;112;48;2;57;120;111m▘[0m[38;2;54;119;114;48;2;56;119;114m▏[0m[38;2;58;121;112;48;2;58;120;113m┭[0m[38;2;54;120;112;48;2;52;119;113m▋[0m[38;2;51;119;111;48;2;49;114;110m▅[0m[38;2;50;115;104;48;2;49;117;113m╻[0m[38;2;46;116;114;48;2;45;115;111m╷[0m[38;2;48;114;110;48;2;48;117;112m╱[0m[38;2;50;116;112;48;2;47;114;110m▃[0m[38;2;50;116;112;48;2;46;115;109m [0m[38;2;43;111;108;48;2;39;112;106m▊[0m[38;2;43;113;106;48;2;36;112;105m▆[0m[38;2;40;114;110;48;2;45;117;113m▄[0m[38;2;46;117;109;48;2;40;113;106m▍[0m[38;2;40;111;108;48;2;38;110;106m╱[0m[38;2;37;108;104;48;2;38;112;108m▄[0m[38;2;35;109;102;48;2;38;109;106m┺[0m[38;2;35;112;106;48;2;33;108;104m▎[0m[38;2;32;108;103;48;2;35;110;106m▂[0m[38;2;32;108;100;48;2;34;110;106m▝[0m[38;2;35;111;106;48;2;35;109;105m▏[0m[38;2;36;109;105;48;2;32;108;103m▋[0m[38;2;26;105;102;48;2;29;106;103m┞[0m[38;2;31;107;103;48;2;30;106;104m╲[0m[38;2;35;107;104;48;2;29;108;103m▘[0m[38;2;25;108;102;48;2;27;103;99m▌[0m[38;2;28;106;97;48;2;22;104;100m▂[0m[38;2;28;106;97;48;2;23;101;98m [0m[38;2;29;106;102;48;2;23;100;96m▝[0m[38;2;37;106;101;48;2;30;105;102m┩[0m[38;2;28;105;100;48;2;22;104;98m▍[0m[38;2;22;100;95;48;2;17;99;97m▅[0m[38;2;20;100;96;48;2;24;102;97m▂[0m[38;2;31;101;94;48;2;23;102;97m╏[0m[38;2;36;104;103;48;2;26;105;100m▄[0m[38;2;32;103;97;48;2;23;105;98m▄[0m
[0m[38;2;86;137;122;48;2;85;137;123m▖[0m[38;2;83;133;124;48;2;83;133;123m▋[0m[38;2;79;135;122;48;2;80;135;126m▅[0m[38;2;76;132;123;48;2;77;132;126m▇[0m[38;2;75;132;123;48;2;72;132;122m╱[0m[38;2;75;130;119;48;2;72;129;122m▋[0m[38;2;74;130;121;48;2;71;129;122m▍[0m[38;2;73;128;120;48;2;70;128;121m┮[0m[38;2;69;129;119;48;2;71;131;120m▉[0m[38;2;70;128;121;48;2;67;127;119m╸[0m[38;2;65;126;118;48;2;62;124;117m▎[0m[38;2;63;124;115;48;2;64;125;117m┲[0m[38;2;62;123;115;48;2;63;124;116m▊[0m[38;2;62;125;116;48;2;64;127;118m▄[0m[38;2;62;125;116;48;2;60;124;114m▊[0m[38;2;61;124;114;48;2;58;121;113m▖[0m[38;2;59;122;113;48;2;57;120;111m┓[0m[38;2;53;119;115;48;2;56;117;111m┭[0m[38;2;54;119;115;48;2;55;120;115m▖[0m[38;2;55;121;114;48;2;56;120;113m┥[0m[38;2;58;121;113;48;2;55;119;112m╸[0m[38;2;53;118;112;48;2;50;116;109m▃[0m[38;2;49;119;113;48;2;48;116;111m▍[0m[38;2;46;115;108;48;2;45;114;109m╍[0m[38;2;52;118;114;48;2;47;117;112m╼[0m[38;2;47;117;112;48;2;45;116;111m▘[0m[38;2;47;117;112;48;2;44;113;108m [0m[38;2;40;112;106;48;2;43;114;108m▘[0m[38;2;44;112;107;48;2;41;113;109m▘[0m[38;2;41;112;108;48;2;45;112;111m▋[0m[38;2;35;110;105;48;2;42;112;106m▗[0m[38;2;35;110;105;48;2;38;109;105m▖[0m[38;2;32;108;104;48;2;36;109;103m▃[0m[38;2;39;111;106;48;2;35;111;105m╲[0m[38;2;33;109;103;48;2;28;107;104m▋[0m[38;2;33;108;104;48;2;38;110;107m▋[0m[38;2;39;111;108;48;2;32;108;104m▌[0m[38;2;29;108;103;48;2;27;106;101m╱[0m[38;2;27;106;101;48;2;33;106;101m▄[0m[38;2;33;104;102;48;2;30;105;101m┅[0m[38;2;33;104;101;48;2;29;106;102m╸[0m[38;2;35;106;102;48;2;32;110;104m▖[0m[38;2;29;106;99;48;2;27;105;99m┬[0m[38;2;28;104;99;48;2;23;105;99m▘[0m[38;2;19;103;99;48;2;25;101;96m▗[0m[38;2;25;103;100;48;2;22;103;99m┏[0m[38;2;29;104;103;48;2;24;104;100m▚[0m[38;2;28;102;97;48;2;26;102;96m┍[0m[38;2;24;102;95;48;2;20;99;95m╅[0m[38;2;25;99;94;48;2;24;97;91m▅[0m[38;2;21;100;96;48;2;40;107;100m▅[0m[38;2;20;100;95;48;2;28;104;96m▅[0m
[0m[38;2;85;135;123;48;2;85;135;123m [0m[38;2;86;135;122;48;2;84;134;123m╌[0m[38;2;82;135;125;48;2;79;135;124m▊[0m[38;2;79;133;123;48;2;76;132;124m▋[0m[38;2;72;132;122;48;2;74;133;122m▝[0m[38;2;74;130;121;48;2;72;129;123m╶[0m[38;2;72;129;121;48;2;68;129;122m▆[0m[38;2;72;129;120;48;2;70;129;117m▋[0m[38;2;69;129;120;48;2;70;130;119m┃[0m[38;2;68;129;120;48;2;69;127;118m╽[0m[38;2;69;128;120;48;2;66;127;118m▃[0m[38;2;65;126;116;48;2;64;126;115m▘[0m[38;2;63;125;115;48;2;61;122;112m╴[0m[38;2;62;124;114;48;2;64;125;117m▖[0m[38;2;64;125;118;48;2;61;125;115m▖[0m[38;2;60;123;114;48;2;60;125;115m▃[0m[38;2;55;121;113;48;2;58;121;112m▋[0m[38;2;54;119;115;48;2;57;119;109m▆[0m[38;2;55;120;114;48;2;54;118;113m╷[0m[38;2;59;120;112;48;2;56;119;110m┥[0m[38;2;55;118;109;48;2;55;122;115m╴[0m[38;2;54;120;112;48;2;49;120;112m▋[0m[38;2;51;118;111;48;2;48;118;110m┸[0m[38;2;51;116;111;48;2;46;115;111m▁[0m[38;2;49;113;112;48;2;44;115;109m▝[0m[38;2;49;115;111;48;2;45;114;111m▝[0m[38;2;49;116;109;48;2;45;115;111m┑[0m[38;2;42;112;108;48;2;43;114;109m╲[0m[38;2;47;112;110;48;2;40;110;106m▖[0m[38;2;43;112;109;48;2;44;113;110m▋[0m[38;2;37;112;107;48;2;44;115;113m▝[0m[38;2;30;110;102;48;2;38;109;105m╺[0m[38;2;30;110;107;48;2;33;109;105m╱[0m[38;2;36;109;102;48;2;31;107;102m▘[0m[38;2;31;110;104;48;2;37;110;105m▌[0m[38;2;39;110;106;48;2;34;110;105m▊[0m[38;2;37;115;109;48;2;29;109;104m▘[0m[38;2;31;109;101;48;2;27;107;101m▅[0m[38;2;26;105;101;48;2;29;104;100m▚[0m[38;2;25;106;102;48;2;30;106;102m▃[0m[38;2;28;107;102;48;2;31;105;101m▗[0m[38;2;27;104;98;48;2;28;106;100m┠[0m[38;2;36;109;99;48;2;29;105;101m┷[0m[38;2;22;103;96;48;2;27;102;97m╲[0m[38;2;25;102;96;48;2;28;104;99m╍[0m[38;2;22;101;95;48;2;26;101;97m▗[0m[38;2;28;101;96;48;2;25;101;98m┷[0m[38;2;28;103;99;48;2;32;103;97m▋[0m[38;2;26;102;94;48;2;23;100;93m▄[0m[38;2;25;98;94;48;2;18;98;93m▚[0m[38;2;15;97;91;48;2;18;98;92m▚[0m[38;2;21;98;93;48;2;17;98;94m╷[0m
[0m[38;2;84;135;125;48;2;84;134;122m┊[0m[38;2;82;134;124;48;2;81;135;122m▇[0m[38;2;76;133;123;48;2;79;133;121m┺[0m[38;2;77;133;125;48;2;79;132;122m╻[0m[38;2;77;133;124;48;2;73;131;122m▌[0m[38;2;74;132;120;48;2;71;131;121m╹[0m[38;2;73;130;121;48;2;69;129;122m▖[0m[38;2;71;130;120;48;2;68;126;118m╱[0m[38;2;68;127;118;48;2;68;128;120m┸[0m[38;2;67;126;120;48;2;68;124;117m▍[0m[38;2;65;126;118;48;2;70;128;117m▅[0m[38;2;66;127;119;48;2;64;126;117m▎[0m[38;2;62;124;116;48;2;59;125;116m▉[0m[38;2;56;123;116;48;2;62;123;115m╸[0m[38;2;63;124;116;48;2;62;125;116m▏[0m[38;2;62;125;116;48;2;60;123;115m▖[0m[38;2;60;123;116;48;2;59;124;117m▆[0m[38;2;53;120;111;48;2;56;121;112m┢[0m[38;2;55;118;107;48;2;55;120;112m┘[0m[38;2;52;120;113;48;2;57;120;112m▗[0m[38;2;56;120;116;48;2;56;121;113m▘[0m[38;2;54;123;114;48;2;49;119;111m▍[0m[38;2;50;116;112;48;2;52;119;110m▝[0m[38;2;43;115;109;48;2;49;119;111m┿[0m[38;2;46;118;112;48;2;45;116;110m┒[0m[38;2;41;116;107;48;2;44;115;111m▂[0m[38;2;47;115;114;48;2;42;118;112m▆[0m[38;2;44;115;111;48;2;37;111;107m▌[0m[38;2;38;111;103;48;2;40;111;107m▏[0m[38;2;39;111;106;48;2;38;110;106m┐[0m[38;2;40;112;108;48;2;45;113;109m▌[0m[38;2;44;116;109;48;2;39;113;106m▌[0m[38;2;38;109;102;48;2;33;110;104m▂[0m[38;2;32;108;102;48;2;29;108;103m▝[0m[38;2;28;107;101;48;2;32;109;104m▗[0m[38;2;38;110;106;48;2;35;109;104m╲[0m[38;2;35;110;105;48;2;30;111;107m▆[0m[38;2;31;109;104;48;2;28;107;102m▄[0m[38;2;28;106;102;48;2;25;103;99m▉[0m[38;2;29;105;99;48;2;23;105;99m┚[0m[38;2;27;104;100;48;2;30;105;100m▃[0m[38;2;28;104;103;48;2;27;105;100m┓[0m[38;2;23;101;96;48;2;29;104;98m▗[0m[38;2;34;107;99;48;2;30;107;101m┃[0m[38;2;29;100;98;48;2;25;102;96m┄[0m[38;2;26;100;96;48;2;23;101;94m▖[0m[38;2;25;98;94;48;2;22;101;94m┯[0m[38;2;26;101;97;48;2;23;98;93m▅[0m[38;2;20;98;92;48;2;25;101;95m▃[0m[38;2;29;103;95;48;2;23;103;93m┑[0m[38;2;20;100;93;48;2;19;95;91m▇[0m[38;2;23;100;92;48;2;18;97;91m▘[0m
[0m[38;2;86;137;121;48;2;84;135;123m▎[0m[38;2;80;135;124;48;2;78;133;119m▍[0m[38;2;76;131;120;48;2;79;132;122m▅[0m[38;2;79;133;121;48;2;77;133;122m▁[0m[38;2;79;135;124;48;2;75;134;122m▎[0m[38;2;76;131;121;48;2;73;132;122m▁[0m[38;2;70;127;117;48;2;74;129;120m╱[0m[38;2;66;128;119;48;2;69;129;119m▘[0m[38;2;69;128;117;48;2;68;127;119m▖[0m[38;2;70;130;120;48;2;69;130;120m┊[0m[38;2;66;128;117;48;2;64;125;117m▋[0m[38;2;67;124;118;48;2;65;126;116m▘[0m[38;2;65;126;118;48;2;63;126;116m▁[0m[38;2;63;125;118;48;2;61;125;117m┙[0m[38;2;62;123;115;48;2;63;124;116m╁[0m[38;2;62;123;115;48;2;61;124;116m [0m[38;2;53;124;115;48;2;58;123;115m▅[0m[38;2;54;124;116;48;2;57;123;114m╴[0m[38;2;60;123;114;48;2;56;120;112m▌[0m[38;2;52;120;109;48;2;56;119;111m┏[0m[38;2;54;121;111;48;2;57;121;111m┏[0m[38;2;51;119;112;48;2;54;121;112m┢[0m[38;2;49;119;111;48;2;52;117;110m▘[0m[38;2;51;118;114;48;2;49;116;110m▄[0m[38;2;48;118;112;48;2;47;117;110m▌[0m[38;2;43;116;109;48;2;40;114;109m▘[0m[38;2;46;115;112;48;2;48;116;111m▍[0m[38;2;45;116;112;48;2;47;116;111m┶[0m[38;2;46;116;108;48;2;35;112;106m▃[0m[38;2;30;110;104;48;2;36;110;106m▗[0m[38;2;35;108;104;48;2;41;110;107m▋[0m[38;2;45;114;111;48;2;43;113;109m▋[0m[38;2;41;114;110;48;2;36;113;107m▎[0m[38;2;30;110;105;48;2;32;110;102m╏[0m[38;2;33;107;104;48;2;32;108;102m▃[0m[38;2;30;105;101;48;2;31;109;103m╲[0m[38;2;37;110;106;48;2;34;108;104m┝[0m[38;2;26;108;102;48;2;32;108;104m▖[0m[38;2;24;107;101;48;2;29;108;104m┏[0m[38;2;27;107;101;48;2;24;104;101m╷[0m[38;2;25;105;102;48;2;28;107;101m▋[0m[38;2;25;105;106;48;2;26;104;101m▖[0m[38;2;28;108;102;48;2;25;106;100m┝[0m[38;2;23;104;99;48;2;27;102;98m▃[0m[38;2;28;104;100;48;2;25;101;98m▍[0m[38;2;22;100;97;48;2;25;103;97m▚[0m[38;2;22;100;97;48;2;23;101;96m [0m[38;2;23;102;98;48;2;33;103;98m▆[0m[38;2;26;99;92;48;2;17;98;96m▘[0m[38;2;21;101;96;48;2;16;98;94m▄[0m[38;2;17;99;93;48;2;18;101;97m╍[0m[38;2;16;97;91;48;2;19;98;93m▝[0m
[0m[38;2;84;134;123;48;2;85;137;124m┰[0m[38;2;84;134;123;48;2;84;134;122m [0m[38;2;82;134;121;48;2;79;132;121m▍[0m[38;2;79;135;124;48;2;78;131;121m▏[0m[38;2;73;132;124;48;2;76;134;122m▅[0m[38;2;77;131;121;48;2;73;131;119m╿[0m[38;2;72;132;122;48;2;70;130;122m┚[0m[38;2;72;130;115;48;2;70;130;119m▝[0m[38;2;69;130;122;48;2;68;130;119m▄[0m[38;2;69;130;120;48;2;69;130;117m▄[0m[38;2;69;128;120;48;2;66;129;117m╸[0m[38;2;68;126;118;48;2;64;127;119m▄[0m[38;2;64;127;118;48;2;67;124;117m▌[0m[38;2;60;126;117;48;2;63;125;118m┣[0m[38;2;62;126;117;48;2;63;125;116m╈[0m[38;2;63;126;118;48;2;62;125;116m▖[0m[38;2;58;124;114;48;2;57;125;115m▚[0m[38;2;60;122;114;48;2;57;122;114m┗[0m[38;2;59;126;113;48;2;57;123;116m┉[0m[38;2;59;126;113;48;2;55;123;114m [0m[38;2;56;119;111;48;2;50;120;113m╾[0m[38;2;55;118;109;48;2;53;118;112m▖[0m[38;2;51;118;111;48;2;53;119;113m▌[0m[38;2;48;117;111;48;2;49;117;111m┝[0m[38;2;48;116;112;48;2;48;118;111m┛[0m[38;2;47;116;108;48;2;45;116;108m━[0m[38;2;45;117;106;48;2;42;115;110m▄[0m[38;2;49;115;111;48;2;43;114;108m▝[0m[38;2;49;116;112;48;2;44;114;110m▁[0m[38;2;33;109;102;48;2;40;110;106m▝[0m[38;2;34;109;105;48;2;37;110;103m╺[0m[38;2;37;111;107;48;2;42;113;106m▆[0m[38;2;38;113;109;48;2;36;111;106m┄[0m[38;2;32;108;103;48;2;33;111;107m╻[0m[38;2;31;107;103;48;2;33;108;103m┧[0m[38;2;32;109;103;48;2;30;108;103m╲[0m[38;2;27;106;100;48;2;32;107;103m▎[0m[38;2;28;108;103;48;2;24;105;100m▖[0m[38;2;25;105;104;48;2;27;107;102m▖[0m[38;2;27;106;101;48;2;25;106;100m▋[0m[38;2;30;104;100;48;2;23;105;101m╵[0m[38;2;15;104;100;48;2;20;104;100m┓[0m[38;2;25;105;97;48;2;19;102;102m▝[0m[38;2;20;103;96;48;2;22;102;99m┮[0m[38;2;22;105;98;48;2;20;102;98m▘[0m[38;2;13;103;98;48;2;16;101;96m┡[0m[38;2;11;101;95;48;2;15;99;95m╴[0m[38;2;23;102;97;48;2;19;100;97m▝[0m[38;2;18;102;98;48;2;23;101;95m▅[0m[38;2;13;99;94;48;2;18;99;94m┹[0m[38;2;10;97;91;48;2;12;98;94m▂[0m[38;2;14;100;96;48;2;19;101;95m▎[0m
[0m[38;2;86;137;124;48;2;83;135;123m▎[0m[38;2;79;133;120;48;2;82;134;122m╏[0m[38;2;81;135;121;48;2;79;134;122m▖[0m[38;2;79;133;122;48;2;79;132;121m▆[0m[38;2;79;133;122;48;2;75;132;121m [0m[38;2;74;132;121;48;2;75;131;122m╼[0m[38;2;74;130;119;48;2;71;131;122m▘[0m[38;2;68;129;119;48;2;71;130;122m▁[0m[38;2;73;130;119;48;2;71;130;120m┰[0m[38;2;64;131;118;48;2;69;130;120m▝[0m[38;2;64;131;118;48;2;67;128;118m [0m[38;2;70;130;118;48;2;66;128;120m▂[0m[38;2;64;127;116;48;2;63;126;115m▋[0m[38;2;59;125;115;48;2;63;125;114m▄[0m[38;2;58;124;112;48;2;60;125;117m▁[0m[38;2;65;127;116;48;2;61;124;117m┣[0m[38;2;62;125;114;48;2;59;125;114m▖[0m[38;2;59;122;113;48;2;56;122;112m┶[0m[38;2;53;122;114;48;2;57;121;114m▚[0m[38;2;57;119;113;48;2;55;121;113m┓[0m[38;2;51;117;110;48;2;53;119;111m╱[0m[38;2;51;117;110;48;2;51;117;111m [0m[38;2;49;115;111;48;2;52;118;112m▖[0m[38;2;49;115;111;48;2;50;116;112m [0m[38;2;52;119;110;48;2;49;118;111m╏[0m[38;2;47;116;111;48;2;42;116;109m▍[0m[38;2;47;116;112;48;2;43;113;106m▖[0m[38;2;41;113;108;48;2;44;113;108m▋[0m[38;2;43;113;105;48;2;45;116;108m▅[0m[38;2;38;113;108;48;2;43;113;108m▂[0m[38;2;43;115;112;48;2;37;113;106m▖[0m[38;2;33;111;105;48;2;35;112;106m▘[0m[38;2;33;110;104;48;2;36;111;106m▆[0m[38;2;39;111;107;48;2;35;111;105m▋[0m[38;2;33;111;103;48;2;28;110;104m▌[0m[38;2;30;109;104;48;2;35;109;104m▎[0m[38;2;33;107;103;48;2;29;108;102m▆[0m[38;2;32;108;103;48;2;29;107;102m╉[0m[38;2;28;107;102;48;2;26;107;101m▄[0m[38;2;19;108;103;48;2;23;108;105m▗[0m[38;2;19;106;100;48;2;24;103;102m▆[0m[38;2;23;105;102;48;2;20;105;100m┣[0m[38;2;19;104;101;48;2;23;104;98m▖[0m[38;2;14;101;98;48;2;19;104;97m▘[0m[38;2;14;104;97;48;2;18;105;99m╺[0m[38;2;14;103;97;48;2;11;103;96m▋[0m[38;2;10;101;100;48;2;13;102;97m▖[0m[38;2;12;100;98;48;2;15;100;95m▋[0m[38;2;13;100;96;48;2;17;102;97m▆[0m[38;2;13;100;96;48;2;18;99;94m▄[0m[38;2;13;100;96;48;2;14;100;95m [0m[38;2;13;98;90;48;2;10;99;93m▘[0m
[0m[38;2;86;136;124;48;2;85;135;123m▚[0m[38;2;83;135;122;48;2;79;138;123m▌[0m[38;2;81;136;121;48;2;80;134;121m┐[0m[38;2;82;135;125;48;2;78;135;121m▏[0m[38;2;82;135;125;48;2;74;133;121m [0m[38;2;75;131;120;48;2;72;130;120m┭[0m[38;2;72;132;117;48;2;73;130;122m╹[0m[38;2;69;130;122;48;2;71;130;121m▂[0m[38;2;72;129;115;48;2;68;129;118m╱[0m[38;2;69;129;120;48;2;67;129;118m╲[0m[38;2;66;127;118;48;2;68;129;117m▗[0m[38;2;67;128;121;48;2;71;131;121m▆[0m[38;2;64;129;117;48;2;66;127;117m╴[0m[38;2;65;126;116;48;2;59;124;116m▂[0m[38;2;58;124;115;48;2;60;123;115m▊[0m[38;2;62;125;116;48;2;61;125;116m▃[0m[38;2;58;124;114;48;2;60;123;114m┠[0m[38;2;55;121;117;48;2;55;122;113m▄[0m[38;2;57;121;116;48;2;54;121;115m▄[0m[38;2;56;122;113;48;2;55;120;114m┢[0m[38;2;53;121;113;48;2;52;119;110m▎[0m[38;2;46;117;111;48;2;50;119;113m▝[0m[38;2;48;116;112;48;2;47;117;111m┕[0m[38;2;44;116;107;48;2;48;116;111m▅[0m[38;2;47;116;111;48;2;48;116;111m▎[0m[38;2;49;116;111;48;2;44;116;108m▎[0m[38;2;46;117;112;48;2;45;114;109m┗[0m[38;2;41;112;107;48;2;44;114;109m┇[0m[38;2;42;114;111;48;2;41;114;107m╸[0m[38;2;39;107;102;48;2;38;110;106m▂[0m[38;2;42;114;106;48;2;38;112;108m╹[0m[38;2;42;112;108;48;2;39;111;105m┉[0m[38;2;40;112;105;48;2;35;112;106m┱[0m[38;2;37;113;107;48;2;35;110;105m▋[0m[38;2;32;110;105;48;2;29;108;103m▏[0m[38;2;32;110;104;48;2;30;109;105m▂[0m[38;2;29;108;104;48;2;32;107;103m▘[0m[38;2;30;107;105;48;2;30;107;102m╺[0m[38;2;23;105;99;48;2;30;108;102m▂[0m[38;2;25;107;103;48;2;22;108;103m▊[0m[38;2;18;103;103;48;2;20;105;101m┑[0m[38;2;25;104;99;48;2;19;104;100m▝[0m[38;2;24;103;99;48;2;21;105;100m▘[0m[38;2;21;110;103;48;2;16;105;101m╷[0m[38;2;21;105;100;48;2;18;103;98m┃[0m[38;2;15;102;96;48;2;12;103;98m▋[0m[38;2;13;101;98;48;2;12;101;94m╺[0m[38;2;11;98;96;48;2;14;100;96m╻[0m[38;2;15;103;97;48;2;9;98;96m▆[0m[38;2;10;102;97;48;2;7;99;95m▏[0m[38;2;5;100;96;48;2;8;98;95m╻[0m[38;2;11;100;96;48;2;6;98;96m▍[0m
[0m[38;2;80;134;121;48;2;85;136;124m╶[0m[38;2;80;134;121;48;2;83;137;124m [0m[38;2;78;136;123;48;2;82;136;122m▗[0m[38;2;79;133;121;48;2;80;134;121m┊[0m[38;2;79;135;121;48;2;77;133;121m▅[0m[38;2;73;132;124;48;2;75;133;121m┽[0m[38;2;76;130;123;48;2;71;131;123m╴[0m[38;2;71;128;122;48;2;68;129;121m▌[0m[38;2;69;129;121;48;2;67;131;116m▇[0m[38;2;64;125;117;48;2;67;129;119m▗[0m[38;2;67;128;118;48;2;65;128;117m╇[0m[38;2;65;128;118;48;2;62;129;120m▘[0m[38;2;67;128;120;48;2;63;127;118m╾[0m[38;2;63;124;117;48;2;61;127;116m▄[0m[38;2;65;124;117;48;2;59;126;117m▄[0m[38;2;62;124;116;48;2;59;122;117m▌[0m[38;2;58;123;116;48;2;61;124;115m▄[0m[38;2;59;121;114;48;2;52;120;115m▅[0m[38;2;59;122;116;48;2;56;123;114m┠[0m[38;2;50;119;111;48;2;53;121;113m▗[0m[38;2;54;119;110;48;2;55;122;112m▁[0m[38;2;53;120;112;48;2;51;116;112m▏[0m[38;2;53;120;110;48;2;49;117;111m╾[0m[38;2;51;117;111;48;2;48;115;106m▃[0m[38;2;45;118;110;48;2;48;116;109m▋[0m[38;2;41;112;105;48;2;45;115;111m┪[0m[38;2;47;115;112;48;2;45;115;110m╾[0m[38;2;39;114;107;48;2;43;116;109m╏[0m[38;2;44;117;110;48;2;42;115;108m╵[0m[38;2;37;110;102;48;2;39;112;101m┝[0m[38;2;36;111;104;48;2;39;113;106m▎[0m[38;2;34;111;105;48;2;38;110;102m▘[0m[38;2;34;107;103;48;2;38;110;106m┏[0m[38;2;32;110;105;48;2;36;112;104m╋[0m[38;2;28;110;104;48;2;31;107;101m▖[0m[38;2;31;109;103;48;2;32;107;101m▄[0m[38;2;26;105;100;48;2;31;107;103m▄[0m[38;2;32;108;102;48;2;27;108;104m▗[0m[38;2;30;106;102;48;2;27;106;99m▂[0m[38;2;24;106;104;48;2;26;106;102m─[0m[38;2;21;105;102;48;2;24;104;99m▆[0m[38;2;20;105;100;48;2;19;104;99m┖[0m[38;2;20;105;102;48;2;16;105;101m▏[0m[38;2;17;104;105;48;2;17;102;97m▁[0m[38;2;20;104;103;48;2;15;106;101m▍[0m[38;2;18;102;99;48;2;14;102;98m╱[0m[38;2;14;101;100;48;2;11;101;98m▎[0m[38;2;13;101;95;48;2;9;98;96m┰[0m[38;2;10;102;99;48;2;15;101;98m▅[0m[38;2;9;98;98;48;2;4;99;96m▋[0m[38;2;4;100;96;48;2;15;103;97m▉[0m[38;2;10;99;93;48;2;6;98;93m▂[0m
[0m[38;2;88;139;124;48;2;85;136;125m▘[0m[38;2;87;138;125;48;2;84;136;121m┃[0m[38;2;85;137;125;48;2;82;136;124m▎[0m[38;2;81;133;120;48;2;79;135;122m╾[0m[38;2;82;135;123;48;2;79;133;119m▘[0m[38;2;76;132;119;48;2;74;133;120m┊[0m[38;2;77;133;123;48;2;75;133;121m┙[0m[38;2;69;131;121;48;2;73;132;120m▘[0m[38;2;68;132;123;48;2;68;130;121m╳[0m[38;2;66;129;120;48;2;67;128;119m▆[0m[38;2;67;128;120;48;2;66;127;120m╸[0m[38;2;68;130;121;48;2;65;127;119m▖[0m[38;2;63;126;115;48;2;63;126;117m╀[0m[38;2;57;127;119;48;2;62;126;117m▂[0m[38;2;60;125;118;48;2;61;124;116m┙[0m[38;2;64;125;117;48;2;61;123;117m▗[0m[38;2;56;123;116;48;2;58;122;116m┿[0m[38;2;56;121;113;48;2;56;123;116m▖[0m[38;2;56;122;113;48;2;58;122;116m▁[0m[38;2;59;122;114;48;2;57;122;115m▘[0m[38;2;57;121;114;48;2;53;118;115m▃[0m[38;2;57;121;114;48;2;51;118;111m [0m[38;2;57;121;114;48;2;48;119;111m [0m[38;2;48;119;110;48;2;46;118;111m╻[0m[38;2;49;117;112;48;2;46;116;110m▖[0m[38;2;44;117;110;48;2;41;116;109m▊[0m[38;2;46;114;109;48;2;40;114;108m▝[0m[38;2;41;116;111;48;2;42;115;108m▍[0m[38;2;45;118;111;48;2;43;114;106m┖[0m[38;2;41;114;108;48;2;39;111;105m▖[0m[38;2;39;112;108;48;2;36;110;102m▖[0m[38;2;37;108;102;48;2;35;109;103m▖[0m[38;2;33;109;104;48;2;37;114;108m▌[0m[38;2;36;111;106;48;2;35;110;105m┗[0m[38;2;33;109;103;48;2;26;108;103m▌[0m[38;2;24;109;106;48;2;31;109;103m▄[0m[38;2;27;106;103;48;2;30;106;102m┏[0m[38;2;25;105;102;48;2;28;107;102m▘[0m[38;2;27;105;100;48;2;28;107;102m┗[0m[38;2;24;105;101;48;2;25;108;101m▗[0m[38;2;20;104;101;48;2;21;105;99m┇[0m[38;2;18;104;97;48;2;14;104;99m▌[0m[38;2;12;103;97;48;2;14;102;102m▖[0m[38;2;13;103;101;48;2;18;105;100m▆[0m[38;2;14;102;97;48;2;18;102;101m▄[0m[38;2;14;101;101;48;2;10;100;98m▏[0m[38;2;6;99;93;48;2;14;99;98m▎[0m[38;2;4;101;98;48;2;8;100;99m▝[0m[38;2;12;101;95;48;2;4;100;97m╺[0m[38;2;11;102;99;48;2;8;99;97m▗[0m[38;2;4;100;92;48;2;5;99;98m▂[0m[38;2;3;99;97;48;2;9;99;96m▇[0m
[0m[38;2;87;137;124;48;2;85;137;125m▋[0m[38;2;85;139;125;48;2;84;138;125m┈[0m[38;2;83;136;123;48;2;84;138;125m┈[0m[38;2;83;135;122;48;2;78;135;121m▍[0m[38;2;79;135;121;48;2;76;134;120m▖[0m[38;2;74;132;123;48;2;76;132;123m▝[0m[38;2;78;135;124;48;2;73;133;124m╶[0m[38;2;76;131;119;48;2;73;133;122m▃[0m[38;2;68;131;121;48;2;72;131;121m┲[0m[38;2;67;128;120;48;2;69;130;122m┣[0m[38;2;72;130;117;48;2;66;127;120m▘[0m[38;2;67;127;119;48;2;63;126;118m▃[0m[38;2;61;128;118;48;2;63;124;117m▎[0m[38;2;61;124;116;48;2;58;125;118m▏[0m[38;2;63;127;113;48;2;61;124;118m▖[0m[38;2;59;124;115;48;2;64;125;117m▘[0m[38;2;61;127;117;48;2;58;125;115m▆[0m[38;2;61;122;115;48;2;57;122;114m▎[0m[38;2;55;121;115;48;2;53;122;113m┳[0m[38;2;55;120;114;48;2;57;120;116m▃[0m[38;2;51;122;112;48;2;54;122;116m╹[0m[38;2;50;120;117;48;2;50;118;113m▍[0m[38;2;49;120;113;48;2;51;120;110m▎[0m[38;2;51;120;114;48;2;49;117;106m▖[0m[38;2;46;119;107;48;2;49;119;108m╴[0m[38;2;43;117;109;48;2;42;117;113m▆[0m[38;2;41;116;104;48;2;39;114;106m▗[0m[38;2;39;110;104;48;2;38;112;106m╱[0m[38;2;42;115;106;48;2;42;113;109m┣[0m[38;2;41;113;108;48;2;47;115;108m▆[0m[38;2;45;116;112;48;2;40;115;105m▖[0m[38;2;29;109;101;48;2;35;111;102m▝[0m[38;2;29;107;102;48;2;28;108;102m╏[0m[38;2;25;108;102;48;2;34;108;105m▗[0m[38;2;26;108;104;48;2;30;108;106m▃[0m[38;2;34;111;107;48;2;32;109;105m╏[0m[38;2;29;106;102;48;2;26;106;101m╌[0m[38;2;23;106;100;48;2;26;107;101m▗[0m[38;2;30;107;100;48;2;24;105;101m▘[0m[38;2;20;104;102;48;2;28;107;102m▆[0m[38;2;23;107;99;48;2;21;104;99m▅[0m[38;2;19;102;98;48;2;14;103;98m▋[0m[38;2;18;102;101;48;2;14;102;98m┠[0m[38;2;9;97;98;48;2;15;102;100m▄[0m[38;2;22;103;101;48;2;13;102;102m▍[0m[38;2;12;100;100;48;2;6;100;96m▋[0m[38;2;11;99;98;48;2;4;98;97m▝[0m[38;2;8;98;95;48;2;12;102;99m▆[0m[38;2;5;98;97;48;2;8;99;98m▂[0m[38;2;6;99;96;48;2;4;100;98m▃[0m[38;2;7;99;96;48;2;2;98;96m▃[0m[38;2;1;98;94;48;2;5;100;96m▗[0m
[0m[38;2;89;138;127;48;2;86;137;124m╍[0m[38;2;81;137;126;48;2;85;138;123m┏[0m[38;2;87;136;119;48;2;83;139;124m┲[0m[38;2;81;137;124;48;2;78;134;123m▇[0m[38;2;77;134;124;48;2;77;135;123m▂[0m[38;2;77;134;124;48;2;71;133;124m▊[0m[38;2;82;135;119;48;2;75;132;123m┌[0m[38;2;76;133;121;48;2;72;133;123m▌[0m[38;2;71;133;122;48;2;71;132;124m│[0m[38;2;71;130;121;48;2;69;130;122m▄[0m[38;2;69;131;121;48;2;68;129;120m╸[0m[38;2;64;128;122;48;2;68;129;120m▆[0m[38;2;66;129;120;48;2;62;127;117m▄[0m[38;2;62;124;118;48;2;62;126;117m┶[0m[38;2;58;126;117;48;2;62;125;120m┨[0m[38;2;63;123;117;48;2;61;123;115m╼[0m[38;2;63;124;116;48;2;58;124;115m▆[0m[38;2;63;124;118;48;2;60;127;117m╹[0m[38;2;57;124;113;48;2;53;124;114m┑[0m[38;2;50;120;115;48;2;52;118;113m▃[0m[38;2;52;118;112;48;2;53;119;115m▇[0m[38;2;52;118;111;48;2;54;118;115m▁[0m[38;2;54;121;110;48;2;51;121;113m╺[0m[38;2;51;121;113;48;2;54;121;114m▎[0m[38;2;54;121;113;48;2;50;119;113m╾[0m[38;2;41;117;108;48;2;47;117;111m▆[0m[38;2;41;117;108;48;2;43;115;107m [0m[38;2;36;113;106;48;2;38;112;105m▃[0m[38;2;31;111;105;48;2;37;111;107m▗[0m[38;2;38;112;108;48;2;43;115;111m▊[0m[38;2;41;110;106;48;2;43;113;111m▖[0m[38;2;36;113;107;48;2;40;113;107m▗[0m[38;2;34;111;105;48;2;28;108;103m▍[0m[38;2;28;107;101;48;2;29;106;102m╽[0m[38;2;30;108;106;48;2;26;107;101m▝[0m[38;2;33;106;100;48;2;25;110;106m▆[0m[38;2;30;109;104;48;2;27;109;103m▌[0m[38;2;18;106;101;48;2;24;106;99m▖[0m[38;2;23;108;104;48;2;26;108;105m▍[0m[38;2;20;105;102;48;2;25;106;102m▊[0m[38;2;19;103;98;48;2;26;104;102m▗[0m[38;2;23;104;98;48;2;19;104;103m┏[0m[38;2;19;104;98;48;2;13;102;97m▊[0m[38;2;12;99;96;48;2;7;99;101m▄[0m[38;2;9;99;100;48;2;14;104;104m▆[0m[38;2;14;102;100;48;2;9;100;100m┰[0m[38;2;11;102;97;48;2;4;100;96m▃[0m[38;2;10;98;95;48;2;4;99;96m┮[0m[38;2;10;97;98;48;2;4;97;96m╻[0m[38;2;4;98;96;48;2;8;98;99m▄[0m[38;2;7;96;97;48;2;2;99;97m▘[0m[38;2;1;97;96;48;2;3;96;96m╶[0m
[0m[38;2;86;137;128;48;2;85;139;127m▁[0m[38;2;82;136;125;48;2;85;139;125m▝[0m[38;2;84;137;125;48;2;83;135;123m┸[0m[38;2;85;136;121;48;2;82;137;124m┰[0m[38;2;78;134;121;48;2;80;136;124m┊[0m[38;2;76;137;123;48;2;76;133;122m▅[0m[38;2;75;134;123;48;2;78;134;121m┻[0m[38;2;76;133;125;48;2;75;133;121m╲[0m[38;2;72;133;123;48;2;74;132;123m┬[0m[38;2;73;133;125;48;2;70;131;123m▂[0m[38;2;66;131;121;48;2;69;131;120m┍[0m[38;2;68;131;121;48;2;66;129;118m▌[0m[38;2;60;127;118;48;2;63;127;118m┚[0m[38;2;65;126;119;48;2;62;125;118m▚[0m[38;2;62;129;120;48;2;60;123;119m▃[0m[38;2;61;125;119;48;2;59;125;118m▖[0m[38;2;58;125;115;48;2;61;123;115m▇[0m[38;2;59;123;117;48;2;61;125;118m▅[0m[38;2;55;124;117;48;2;58;125;118m┗[0m[38;2;60;124;116;48;2;53;122;117m┒[0m[38;2;52;122;115;48;2;52;120;111m▆[0m[38;2;46;118;110;48;2;50;118;113m╶[0m[38;2;44;117;111;48;2;50;118;114m▖[0m[38;2;50;120;114;48;2;50;119;116m▅[0m[38;2;48;120;113;48;2;49;119;113m╉[0m[38;2;48;118;108;48;2;44;116;109m▆[0m[38;2;43;117;111;48;2;45;119;112m▍[0m[38;2;44;117;110;48;2;36;116;107m▋[0m[38;2;33;111;105;48;2;36;109;105m▋[0m[38;2;34;109;103;48;2;38;113;104m▅[0m[38;2;37;111;104;48;2;41;115;108m▆[0m[38;2;36;112;108;48;2;42;116;110m▖[0m[38;2;35;112;106;48;2;30;110;105m▍[0m[38;2;30;107;100;48;2;27;108;102m╱[0m[38;2;32;109;102;48;2;26;108;101m▘[0m[38;2;18;106;101;48;2;24;106;101m╾[0m[38;2;25;109;104;48;2;27;108;105m┺[0m[38;2;23;109;103;48;2;19;106;100m▖[0m[38;2;18;105;100;48;2;27;106;107m▆[0m[38;2;16;104;101;48;2;20;104;102m╼[0m[38;2;22;104;102;48;2;19;103;101m╻[0m[38;2;22;103;99;48;2;18;102;101m╏[0m[38;2;18;102;97;48;2;13;101;100m▅[0m[38;2;8;100;99;48;2;11;100;97m┆[0m[38;2;14;98;95;48;2;8;98;97m╸[0m[38;2;8;99;98;48;2;17;100;100m▄[0m[38;2;15;101;102;48;2;8;101;98m▗[0m[38;2;15;103;101;48;2;4;101;100m▖[0m[38;2;3;98;94;48;2;9;98;98m▇[0m[38;2;6;99;98;48;2;3;97;96m╲[0m[38;2;3;97;97;48;2;2;96;95m╷[0m[38;2;3;95;94;48;2;3;97;97m▅[0m
[0m[38;2;87;139;128;48;2;86;139;125m┆[0m[38;2;89;139;127;48;2;85;137;126m┑[0m[38;2;86;139;124;48;2;81;137;125m▊[0m[38;2;83;137;125;48;2;80;135;123m▋[0m[38;2;77;135;125;48;2;79;136;120m▇[0m[38;2;77;135;121;48;2;78;136;126m╵[0m[38;2;72;131;121;48;2;76;133;125m┌[0m[38;2;75;135;125;48;2;73;132;120m▎[0m[38;2;70;132;121;48;2;72;133;123m▂[0m[38;2;70;131;122;48;2;73;134;124m▂[0m[38;2;71;133;122;48;2;69;133;123m▖[0m[38;2;68;130;121;48;2;67;130;121m▆[0m[38;2;67;130;119;48;2;65;126;117m▆[0m[38;2;63;127;121;48;2;63;128;119m▍[0m[38;2;64;128;120;48;2;61;126;122m▍[0m[38;2;62;127;119;48;2;60;126;117m╎[0m[38;2;57;123;119;48;2;60;123;115m▅[0m[38;2;56;124;119;48;2;58;125;116m▅[0m[38;2;59;124;119;48;2;57;124;116m┺[0m[38;2;57;124;115;48;2;55;123;116m▗[0m[38;2;56;124;115;48;2;50;120;116m▋[0m[38;2;54;120;112;48;2;48;119;116m┚[0m[38;2;45;121;109;48;2;45;117;112m─[0m[38;2;46;116;115;48;2;48;118;110m╵[0m[38;2;40;116;111;48;2;49;119;114m▖[0m[38;2;48;119;108;48;2;44;116;111m▏[0m[38;2;44;118;113;48;2;46;117;111m▝[0m[38;2;45;116;113;48;2;41;116;109m▘[0m[38;2;38;116;109;48;2;37;112;107m▖[0m[38;2;28;108;105;48;2;32;112;105m╲[0m[38;2;28;110;104;48;2;32;109;104m╲[0m[38;2;31;110;104;48;2;36;109;104m▅[0m[38;2;31;107;103;48;2;36;114;106m▖[0m[38;2;21;107;101;48;2;31;112;104m▝[0m[38;2;23;106;99;48;2;25;106;100m▁[0m[38;2;25;106;99;48;2;22;105;102m▗[0m[38;2;20;106;102;48;2;26;106;100m▁[0m[38;2;23;106;100;48;2;18;106;102m▋[0m[38;2;22;106;101;48;2;15;106;101m▖[0m[38;2;19;104;101;48;2;15;105;102m┗[0m[38;2;20;103;100;48;2;15;103;101m╶[0m[38;2;15;101;101;48;2;20;102;100m▆[0m[38;2;13;103;100;48;2;13;102;98m▊[0m[38;2;12;101;99;48;2;18;102;98m┡[0m[38;2;8;100;96;48;2;8;97;95m▋[0m[38;2;9;95;93;48;2;9;97;95m┇[0m[38;2;7;100;95;48;2;13;100;99m▂[0m[38;2;12;103;102;48;2;7;99;98m▘[0m[38;2;8;99;99;48;2;2;99;97m▋[0m[38;2;3;97;97;48;2;2;96;95m┐[0m[38;2;5;96;97;48;2;3;95;94m▝[0m[38;2;3;94;94;48;2;2;96;95m╿[0m
[0m[38;2;85;138;127;48;2;87;140;127m┾[0m[38;2;87;138;126;48;2;85;136;124m╷[0m[38;2;87;137;125;48;2;85;136;126m▊[0m[38;2;81;137;129;48;2;83;135;124m╱[0m[38;2;79;135;123;48;2;79;135;124m┥[0m[38;2;77;134;123;48;2;78;134;125m┓[0m[38;2;77;135;124;48;2;79;136;123m▂[0m[38;2;74;136;123;48;2;76;135;125m▝[0m[38;2;76;132;115;48;2;70;131;124m╸[0m[38;2;70;131;124;48;2;69;130;123m▉[0m[38;2;72;130;123;48;2;70;131;122m╻[0m[38;2;66;130;121;48;2;69;130;121m┳[0m[38;2;63;129;123;48;2;67;128;120m╵[0m[38;2;65;128;120;48;2;67;128;121m┑[0m[38;2;64;126;121;48;2;61;128;118m▅[0m[38;2;64;126;121;48;2;61;128;119m [0m[38;2;60;126;119;48;2;54;125;119m▌[0m[38;2;58;124;120;48;2;57;123;120m┈[0m[38;2;57;125;118;48;2;56;122;117m┰[0m[38;2;59;123;119;48;2;56;122;118m▖[0m[38;2;54;124;116;48;2;57;125;116m▃[0m[38;2;56;126;117;48;2;49;121;112m▍[0m[38;2;39;116;108;48;2;46;118;111m▖[0m[38;2;44;115;108;48;2;46;117;111m▄[0m[38;2;40;115;110;48;2;43;115;111m┯[0m[38;2;39;117;110;48;2;45;119;110m▄[0m[38;2;40;114;109;48;2;44;119;114m▖[0m[38;2;36;114;108;48;2;38;116;108m┇[0m[38;2;41;119;113;48;2;40;116;110m┒[0m[38;2;32;113;109;48;2;28;110;101m▅[0m[38;2;25;109;103;48;2;29;109;103m▇[0m[38;2;24;109;101;48;2;29;109;104m▅[0m[38;2;20;106;100;48;2;28;109;102m▗[0m[38;2;30;109;103;48;2;26;107;101m┗[0m[38;2;29;108;101;48;2;20;108;102m▅[0m[38;2;26;108;99;48;2;17;106;101m╿[0m[38;2;23;107;100;48;2;19;104;97m▋[0m[38;2;13;104;99;48;2;17;104;98m▝[0m[38;2;12;103;103;48;2;17;103;100m▗[0m[38;2;19;106;98;48;2;13;102;101m▘[0m[38;2;14;103;98;48;2;17;103;99m▌[0m[38;2;11;102;99;48;2;14;102;98m▅[0m[38;2;14;104;100;48;2;10;100;100m┲[0m[38;2;17;102;100;48;2;13;102;100m┳[0m[38;2;15;103;101;48;2;10;101;96m┊[0m[38;2;4;99;96;48;2;1;95;94m▊[0m[38;2;3;97;95;48;2;6;97;96m▆[0m[38;2;11;100;100;48;2;6;98;97m┍[0m[38;2;10;100;97;48;2;4;100;97m┹[0m[38;2;9;101;98;48;2;2;96;96m╴[0m[38;2;0;93;92;48;2;1;94;94m┚[0m[38;2;0;94;94;48;2;2;93;94m▃[0m
[0m[38;2;85;142;128;48;2;88;142;127m▝[0m[38;2;89;139;126;48;2;85;140;126m▋[0m[38;2;87;139;126;48;2;83;138;125m▍[0m[38;2;80;136;125;48;2;83;137;125m▄[0m[38;2;81;137;124;48;2;85;136;124m▆[0m[38;2;75;135;127;48;2;77;136;123m▃[0m[38;2;79;136;121;48;2;74;136;124m╻[0m[38;2;75;134;127;48;2;75;134;124m▂[0m[38;2;75;135;123;48;2;72;129;122m▋[0m[38;2;70;131;123;48;2;74;130;123m▇[0m[38;2;69;132;123;48;2;68;131;123m▎[0m[38;2;66;128;124;48;2;68;129;122m╼[0m[38;2;65;129;122;48;2;65;130;124m┍[0m[38;2;66;127;120;48;2;65;128;124m▄[0m[38;2;68;127;125;48;2;63;129;121m╸[0m[38;2;63;130;122;48;2;63;128;120m▖[0m[38;2;61;126;118;48;2;57;125;115m▌[0m[38;2;53;125;117;48;2;57;124;116m▇[0m[38;2;55;122;117;48;2;53;124;118m┃[0m[38;2;57;124;114;48;2;52;123;117m┕[0m[38;2;56;124;121;48;2;54;124;117m┫[0m[38;2;56;124;120;48;2;53;123;117m┖[0m[38;2;50;124;117;48;2;44;122;113m▖[0m[38;2;44;117;109;48;2;39;114;109m▅[0m[38;2;39;115;108;48;2;40;114;110m▄[0m[38;2;42;113;110;48;2;37;113;109m┩[0m[38;2;37;115;111;48;2;37;113;109m┗[0m[38;2;36;114;109;48;2;38;115;109m▖[0m[38;2;36;115;111;48;2;42;117;110m▆[0m[38;2;34;113;108;48;2;37;112;109m▂[0m[38;2;35;113;106;48;2;27;111;105m▊[0m[38;2;21;110;107;48;2;25;109;104m┯[0m[38;2;29;108;106;48;2;23;108;102m▗[0m[38;2;25;108;100;48;2;18;105;100m▌[0m[38;2;16;105;101;48;2;25;105;102m▆[0m[38;2;23;108;106;48;2;19;105;102m┹[0m[38;2;20;106;103;48;2;17;107;98m▊[0m[38;2;19;104;100;48;2;13;105;98m▄[0m[38;2;18;103;100;48;2;12;103;100m▎[0m[38;2;13;102;96;48;2;9;104;100m▅[0m[38;2;9;103;99;48;2;11;101;100m╍[0m[38;2;14;101;93;48;2;10;102;99m╺[0m[38;2;9;101;98;48;2;8;100;98m┗[0m[38;2;18;104;105;48;2;10;100;95m▝[0m[38;2;8;101;98;48;2;5;101;100m▊[0m[38;2;6;101;99;48;2;5;99;98m▍[0m[38;2;6;100;97;48;2;3;98;97m▎[0m[38;2;2;97;95;48;2;2;98;95m▋[0m[38;2;8;100;100;48;2;3;98;97m╹[0m[38;2;4;97;97;48;2;2;96;96m▘[0m[38;2;1;95;95;48;2;2;96;96m▝[0m[38;2;1;95;95;48;2;0;94;94m╻[0m
[0m[38;2;90;140;128;48;2;90;141;127m┈[0m[38;2;89;139;127;48;2;86;142;128m▖[0m[38;2;88;142;128;48;2;84;140;129m▍[0m[38;2;83;138;128;48;2;85;138;125m▏[0m[38;2;81;136;125;48;2;82;136;123m▎[0m[38;2;84;140;127;48;2;79;137;123m▂[0m[38;2;79;135;123;48;2;76;133;125m▄[0m[38;2;77;133;122;48;2;74;135;122m▝[0m[38;2;77;133;122;48;2;76;132;123m [0m[38;2;78;134;124;48;2;71;133;122m▖[0m[38;2;63;129;119;48;2;70;132;120m▝[0m[38;2;69;131;121;48;2;67;129;120m▍[0m[38;2;64;130;120;48;2;63;130;126m▆[0m[38;2;67;125;121;48;2;61;128;121m▋[0m[38;2;62;128;124;48;2;63;128;120m┻[0m[38;2;65;128;122;48;2;61;125;123m▊[0m[38;2;64;127;121;48;2;58;126;118m▖[0m[38;2;58;125;120;48;2;51;123;119m▆[0m[38;2;50;119;116;48;2;53;123;114m┗[0m[38;2;55;123;110;48;2;55;121;116m╷[0m[38;2;54;124;117;48;2;57;124;117m▆[0m[38;2;54;125;117;48;2;49;121;115m▎[0m[38;2;50;120;112;48;2;53;123;117m▖[0m[38;2;43;116;109;48;2;45;120;113m▝[0m[38;2;36;115;107;48;2;40;116;111m┸[0m[38;2;35;114;110;48;2;34;114;111m▊[0m[38;2;39;115;110;48;2;33;113;110m╲[0m[38;2;37;114;110;48;2;34;114;107m▍[0m[38;2;31;115;107;48;2;36;113;107m▂[0m[38;2;31;112;106;48;2;36;112;106m┍[0m[38;2;35;114;108;48;2;32;112;106m┻[0m[38;2;29;113;106;48;2;25;111;104m▋[0m[38;2;25;108;105;48;2;22;109;103m▃[0m[38;2;28;108;106;48;2;22;108;104m▄[0m[38;2;17;104;98;48;2;17;104;101m╳[0m[38;2;22;104;100;48;2;19;106;101m▘[0m[38;2;19;106;101;48;2;21;106;102m▝[0m[38;2;16;106;100;48;2;21;104;98m━[0m[38;2;21;102;99;48;2;15;104;100m╷[0m[38;2;7;102;98;48;2;15;104;101m▆[0m[38;2;10;102;97;48;2;14;102;100m▄[0m[38;2;14;101;96;48;2;11;102;97m╿[0m[38;2;2;100;98;48;2;10;99;99m▖[0m[38;2;11;101;99;48;2;6;100;99m┟[0m[38;2;7;102;98;48;2;4;99;97m╍[0m[38;2;3;98;98;48;2;9;99;99m▆[0m[38;2;5;99;98;48;2;4;98;96m┓[0m[38;2;2;96;95;48;2;2;97;96m╴[0m[38;2;2;98;97;48;2;2;97;95m╴[0m[38;2;8;96;95;48;2;2;96;96m▄[0m[38;2;4;98;98;48;2;3;97;96m└[0m[38;2;1;97;96;48;2;1;95;94m▍[0m
[0m[38;2;89;140;128;48;2;88;140;128m▖[0m[38;2;88;142;129;48;2;88;141;128m╲[0m[38;2;78;138;127;48;2;84;140;128m╵[0m[38;2;82;139;125;48;2;86;136;126m┒[0m[38;2;81;137;126;48;2;84;137;128m▘[0m[38;2;81;138;125;48;2;83;137;125m╱[0m[38;2;83;136;123;48;2;80;135;124m╸[0m[38;2;77;135;125;48;2;75;135;123m▁[0m[38;2;78;134;126;48;2;73;133;123m▂[0m[38;2;75;134;125;48;2;72;133;125m┲[0m[38;2;70;135;123;48;2;71;133;122m▏[0m[38;2;71;133;122;48;2;68;130;121m▃[0m[38;2;68;130;122;48;2;63;129;121m▋[0m[38;2;61;126;121;48;2;64;128;119m┗[0m[38;2;64;127;119;48;2;61;127;118m╲[0m[38;2;63;130;119;48;2;59;127;121m▘[0m[38;2;58;127;122;48;2;58;125;118m▍[0m[38;2;54;126;123;48;2;56;125;120m┶[0m[38;2;51;123;114;48;2;56;123;114m▃[0m[38;2;53;123;115;48;2;52;121;117m╊[0m[38;2;52;124;117;48;2;50;122;113m▏[0m[38;2;50;119;115;48;2;51;122;114m┊[0m[38;2;51;121;113;48;2;48;121;114m▏[0m[38;2;44;118;109;48;2;47;120;111m┯[0m[38;2;47;118;114;48;2;43;122;112m▍[0m[38;2;40;120;111;48;2;36;115;110m▋[0m[38;2;40;115;108;48;2;36;112;109m▄[0m[38;2;40;114;109;48;2;33;113;109m▗[0m[38;2;40;115;109;48;2;33;113;108m┳[0m[38;2;28;114;106;48;2;35;114;109m▅[0m[38;2;30;112;107;48;2;26;111;108m▋[0m[38;2;35;111;106;48;2;29;113;110m╸[0m[38;2;23;111;107;48;2;29;110;103m▃[0m[38;2;25;109;106;48;2;22;110;105m▌[0m[38;2;23;106;107;48;2;26;107;105m▌[0m[38;2;19;106;104;48;2;21;108;101m━[0m[38;2;15;102;98;48;2;17;105;102m▁[0m[38;2;22;104;102;48;2;19;105;102m┫[0m[38;2;20;106;101;48;2;16;105;102m┍[0m[38;2;6;103;102;48;2;11;102;101m╍[0m[38;2;11;102;98;48;2;14;104;99m▆[0m[38;2;14;102;100;48;2;10;102;99m▘[0m[38;2;10;100;98;48;2;5;101;97m▍[0m[38;2;2;96;95;48;2;7;99;96m▅[0m[38;2;8;100;95;48;2;6;98;97m└[0m[38;2;6;97;96;48;2;3;97;96m▝[0m[38;2;1;96;96;48;2;2;96;98m▁[0m[38;2;4;98;100;48;2;3;97;97m┱[0m[38;2;3;99;97;48;2;2;96;95m▖[0m[38;2;4;96;95;48;2;1;95;95m▘[0m[38;2;5;97;96;48;2;1;95;95m▝[0m[38;2;3;95;92;48;2;2;95;95m╾[0m
[0m[38;2;85;142;130;48;2;89;140;130m▍[0m[38;2;87;141;129;48;2;86;143;131m▅[0m[38;2;85;141;128;48;2;88;142;128m┕[0m[38;2;85;141;128;48;2;83;138;128m [0m[38;2;83;137;130;48;2;82;137;126m┚[0m[38;2;76;138;124;48;2;81;138;124m╻[0m[38;2;83;137;123;48;2;78;135;125m╍[0m[38;2;80;137;124;48;2;75;135;126m▄[0m[38;2;77;135;121;48;2;74;134;125m▏[0m[38;2;74;134;122;48;2;71;134;120m▌[0m[38;2;75;133;120;48;2;71;134;123m▖[0m[38;2;72;132;123;48;2;68;131;121m━[0m[38;2;63;128;119;48;2;66;129;119m╺[0m[38;2;66;128;120;48;2;65;128;119m╷[0m[38;2;65;129;119;48;2;61;128;120m▁[0m[38;2;56;125;123;48;2;61;127;118m┛[0m[38;2;61;127;120;48;2;57;126;119m▖[0m[38;2;54;124;116;48;2;58;124;118m▆[0m[38;2;51;122;114;48;2;56;123;116m▝[0m[38;2;49;125;119;48;2;52;123;116m┐[0m[38;2;55;124;114;48;2;49;120;114m━[0m[38;2;50;120;113;48;2;46;120;114m▏[0m[38;2;50;120;113;48;2;46;118;114m [0m[38;2;47;122;115;48;2;47;119;113m┅[0m[38;2;46;118;113;48;2;46;118;114m▚[0m[38;2;39;119;106;48;2;45;118;110m╼[0m[38;2;40;117;111;48;2;34;116;108m▎[0m[38;2;37;115;107;48;2;33;114;111m┑[0m[38;2;31;113;107;48;2;36;113;109m┳[0m[38;2;34;114;106;48;2;29;112;107m┒[0m[38;2;25;111;107;48;2;36;115;108m▄[0m[38;2;32;111;108;48;2;29;109;104m┷[0m[38;2;22;111;105;48;2;28;112;109m▝[0m[38;2;28;107;105;48;2;21;109;106m▄[0m[38;2;18;106;105;48;2;24;108;104m┐[0m[38;2;25;108;106;48;2;22;106;100m▇[0m[38;2;27;107;105;48;2;17;103;100m▖[0m[38;2;21;102;99;48;2;15;105;101m▝[0m[38;2;13;105;103;48;2;18;105;100m▄[0m[38;2;14;101;100;48;2;19;105;102m▄[0m[38;2;14;100;98;48;2;11;101;96m┗[0m[38;2;5;100;96;48;2;11;100;98m▆[0m[38;2;9;101;101;48;2;4;101;99m▍[0m[38;2;8;99;99;48;2;4;98;97m╺[0m[38;2;4;99;97;48;2;8;99;97m▃[0m[38;2;5;99;97;48;2;3;98;97m━[0m[38;2;2;97;95;48;2;1;96;94m▄[0m[38;2;2;95;95;48;2;2;98;99m▆[0m[38;2;1;97;97;48;2;4;98;98m▆[0m[38;2;2;95;94;48;2;1;94;94m▏[0m[38;2;0;94;94;48;2;2;96;96m▋[0m[38;2;1;95;95;48;2;2;96;96m▗[0m
[0m[38;2;90;143;128;48;2;90;143;128m [0m[38;2;88;140;129;48;2;86;139;130m▖[0m[38;2;89;138;133;48;2;87;138;129m▄[0m[38;2;80;139;127;48;2;81;138;128m┎[0m[38;2;80;135;128;48;2;84;140;126m┺[0m[38;2;78;138;130;48;2;81;139;125m▃[0m[38;2;81;137;123;48;2;78;138;125m▌[0m[38;2;73;136;128;48;2;77;135;126m▁[0m[38;2;75;135;124;48;2;78;134;119m▅[0m[38;2;73;134;123;48;2;74;136;123m▘[0m[38;2;73;133;125;48;2;69;132;123m┒[0m[38;2;64;132;118;48;2;68;131;122m▖[0m[38;2;69;130;119;48;2;66;131;120m┩[0m[38;2;65;129;119;48;2;64;128;117m▉[0m[38;2;62;128;124;48;2;63;128;121m╶[0m[38;2;62;128;124;48;2;60;127;119m [0m[38;2;61;125;114;48;2;57;124;117m╵[0m[38;2;57;125;118;48;2;54;124;116m┚[0m[38;2;54;123;120;48;2;55;123;115m┞[0m[38;2;56;126;115;48;2;50;123;116m▏[0m[38;2;56;126;115;48;2;50;121;116m [0m[38;2;50;122;115;48;2;49;120;114m▝[0m[38;2;50;122;112;48;2;49;120;110m▖[0m[38;2;43;118;113;48;2;43;118;110m━[0m[38;2;40;118;114;48;2;46;118;110m▅[0m[38;2;37;118;111;48;2;44;120;110m▆[0m[38;2;41;117;111;48;2;36;116;109m▚[0m[38;2;37;114;109;48;2;30;114;109m▇[0m[38;2;30;113;106;48;2;33;115;108m▖[0m[38;2;35;114;108;48;2;32;113;109m╹[0m[38;2;30;113;109;48;2;24;112;108m▍[0m[38;2;29;112;105;48;2;25;109;104m▂[0m[38;2;29;108;108;48;2;27;109;107m▍[0m[38;2;19;110;106;48;2;28;108;106m┯[0m[38;2;20;109;103;48;2;24;109;104m┗[0m[38;2;26;110;109;48;2;22;107;104m▁[0m[38;2;25;110;106;48;2;20;107;104m▄[0m[38;2;20;104;103;48;2;17;103;99m┑[0m[38;2;10;102;98;48;2;15;105;102m▇[0m[38;2;12;103;100;48;2;17;104;102m▅[0m[38;2;12;102;102;48;2;10;102;99m▄[0m[38;2;11;103;100;48;2;5;101;97m▅[0m[38;2;9;101;98;48;2;9;102;98m┢[0m[38;2;12;99;98;48;2;6;100;98m╸[0m[38;2;4;97;95;48;2;8;97;98m▗[0m[38;2;6;98;95;48;2;3;97;96m╍[0m[38;2;6;96;93;48;2;4;98;95m┈[0m[38;2;4;96;95;48;2;3;95;94m┓[0m[38;2;8;96;94;48;2;1;94;94m╺[0m[38;2;4;96;95;48;2;2;93;94m▏[0m[38;2;0;95;95;48;2;1;94;94m▝[0m[38;2;1;96;95;48;2;0;95;94m┙[0m
[0m[38;2;93;145;132;48;2;91;144;127m▅[0m[38;2;90;141;133;48;2;88;141;130m▃[0m[38;2;88;140;130;48;2;85;136;130m▖[0m[38;2;83;140;124;48;2;83;139;131m▃[0m[38;2;81;137;126;48;2;82;138;127m┏[0m[38;2;81;137;128;48;2;84;138;126m▝[0m[38;2;79;137;129;48;2;76;136;124m▏[0m[38;2;78;135;123;48;2;80;134;127m▚[0m[38;2;73;134;127;48;2;75;134;121m▆[0m[38;2;71;132;125;48;2;74;132;123m▂[0m[38;2;73;134;126;48;2;73;133;124m▚[0m[38;2;72;134;123;48;2;66;131;124m▋[0m[38;2;71;129;120;48;2;67;131;121m╲[0m[38;2;67;130;121;48;2;65;128;120m▄[0m[38;2;66;127;118;48;2;60;128;119m▄[0m[38;2;65;129;122;48;2;59;128;121m▍[0m[38;2;54;127;116;48;2;58;128;117m╉[0m[38;2;51;126;117;48;2;57;123;116m▘[0m[38;2;53;120;116;48;2;52;124;120m▅[0m[38;2;57;123;116;48;2;52;123;115m╲[0m[38;2;52;122;113;48;2;49;121;114m▄[0m[38;2;50;122;114;48;2;47;120;114m▄[0m[38;2;50;122;117;48;2;47;120;113m┗[0m[38;2;44;121;116;48;2;44;118;108m▄[0m[38;2;43;118;111;48;2;42;117;109m┌[0m[38;2;39;118;109;48;2;36;116;107m▖[0m[38;2;38;115;109;48;2;40;115;109m▆[0m[38;2;39;115;111;48;2;39;117;109m▃[0m[38;2;29;113;106;48;2;36;115;110m▝[0m[38;2;40;114;108;48;2;33;112;107m▁[0m[38;2;34;110;106;48;2;29;111;105m┑[0m[38;2;32;111;106;48;2;26;109;105m╵[0m[38;2;27;111;107;48;2;22;110;106m▍[0m[38;2;31;108;106;48;2;21;111;105m▘[0m[38;2;23;108;104;48;2;19;109;106m▝[0m[38;2;29;109;105;48;2;21;108;104m╏[0m[38;2;12;109;105;48;2;19;110;105m┍[0m[38;2;16;108;106;48;2;21;106;103m▗[0m[38;2;15;107;100;48;2;8;103;103m▌[0m[38;2;14;104;98;48;2;8;101;99m▃[0m[38;2;8;100;97;48;2;9;102;99m▗[0m[38;2;10;102;101;48;2;18;103;98m▇[0m[38;2;12;102;97;48;2;6;102;98m▚[0m[38;2;10;102;99;48;2;6;100;99m╹[0m[38;2;5;99;97;48;2;4;99;98m▏[0m[38;2;2;99;98;48;2;4;98;97m┠[0m[38;2;5;99;95;48;2;4;97;96m┰[0m[38;2;3;97;97;48;2;3;97;96m┻[0m[38;2;3;95;92;48;2;3;93;94m╺[0m[38;2;4;95;96;48;2;0;96;98m▇[0m[38;2;2;95;95;48;2;4;95;94m▄[0m[38;2;1;93;94;48;2;1;93;92m▝[0m
[0m[38;2;93;149;136;48;2;98;147;136m▂[0m[38;2;94;145;134;48;2;90;144;134m▍[0m[38;2;89;144;134;48;2;90;145;131m▌[0m[38;2;86;145;135;48;2;84;140;127m▖[0m[38;2;80;137;124;48;2;81;140;128m▘[0m[38;2;80;139;127;48;2;82;138;128m╱[0m[38;2;82;138;129;48;2;76;136;130m▅[0m[38;2;78;137;125;48;2;73;135;124m▎[0m[38;2;74;135;127;48;2;71;134;122m▘[0m[38;2;73;131;123;48;2;69;133;123m▍[0m[38;2;70;132;121;48;2;75;132;123m┅[0m[38;2;63;133;120;48;2;68;133;124m╶[0m[38;2;69;133;120;48;2;64;127;120m▏[0m[38;2;67;129;120;48;2;62;127;118m▘[0m[38;2;60;129;123;48;2;65;129;122m▖[0m[38;2;55;129;122;48;2;61;127;118m▁[0m[38;2;62;129;121;48;2;57;125;121m▅[0m[38;2;54;124;113;48;2;58;128;117m▗[0m[38;2;55;127;116;48;2;51;124;112m▅[0m[38;2;55;122;115;48;2;52;124;116m▗[0m[38;2;47;121;116;48;2;52;121;118m━[0m[38;2;56;116;114;48;2;48;122;115m╷[0m[38;2;49;119;115;48;2;42;119;109m▌[0m[38;2;49;120;114;48;2;46;118;112m┢[0m[38;2;46;119;110;48;2;42;118;107m▌[0m[38;2;42;116;111;48;2;37;116;111m▄[0m[38;2;41;116;108;48;2;37;114;111m▄[0m[38;2;39;117;111;48;2;36;115;108m▎[0m[38;2;38;117;112;48;2;36;116;111m╎[0m[38;2;36;116;110;48;2;34;115;109m▌[0m[38;2;26;111;105;48;2;28;111;106m┎[0m[38;2;27;110;105;48;2;21;111;105m▊[0m[38;2;26;113;107;48;2;19;111;105m▖[0m[38;2;24;108;108;48;2;21;108;106m┪[0m[38;2;16;110;106;48;2;19;108;105m╇[0m[38;2;16;106;104;48;2;18;108;105m┉[0m[38;2;18;105;101;48;2;21;108;105m▃[0m[38;2;17;109;106;48;2;18;107;104m╴[0m[38;2;11;106;105;48;2;17;107;105m╹[0m[38;2;11;107;99;48;2;17;104;104m▘[0m[38;2;12;102;98;48;2;7;103;99m▘[0m[38;2;18;103;96;48;2;8;101;96m▁[0m[38;2;6;102;100;48;2;9;102;100m╌[0m[38;2;5;100;99;48;2;5;102;99m▘[0m[38;2;10;100;98;48;2;5;100;99m▖[0m[38;2;8;98;98;48;2;3;100;99m╶[0m[38;2;7;98;98;48;2;3;99;98m┈[0m[38;2;2;98;96;48;2;0;97;95m▊[0m[38;2;6;95;95;48;2;2;95;95m┗[0m[38;2;4;96;91;48;2;2;96;95m▘[0m[38;2;0;93;95;48;2;2;93;92m▂[0m[38;2;2;93;94;48;2;1;92;93m▖[0m
