[0m[0m[38;2;225;196;156;48;2;223;194;152m▍[0m[38;2;224;195;152;48;2;224;195;151m▆[0m[38;2;227;196;150;48;2;230;199;153m▇[0m[38;2;226;197;150;48;2;228;199;158m▇[0m[38;2;224;191;147;48;2;229;196;153m─[0m[38;2;227;195;152;48;2;227;198;157m▆[0m[38;2;224;192;149;48;2;228;196;156m┳[0m[38;2;225;194;148;48;2;227;195;155m╍[0m[38;2;227;196;149;48;2;225;195;158m▅[0m[38;2;227;193;148;48;2;225;192;158m▅[0m[38;2;173;163;44;48;2;223;190;152m▅[0m[38;2;135;123;12;48;2;228;197;158m▅[0m[38;2;129;119;8;48;2;226;199;156m▆[0m[38;2;155;146;54;48;2;104;112;31m╾[0m[38;2;91;107;85;48;2;97;93;14m▃[0m[38;2;114;130;98;48;2;102;90;21m▃[0m[38;2;127;136;94;48;2;99;94;8m▃[0m[38;2;139;136;95;48;2;106;104;38m▂[0m[38;2;95;96;37;48;2;113;114;78m▝[0m[38;2;203;187;155;48;2;180;171;143m┃[0m[38;2;122;129;104;48;2;185;166;139m▄[0m[38;2;116;128;105;48;2;91;102;73m▌[0m[38;2;80;83;21;48;2;84;95;61m▗[0m[38;2;93;94;17;48;2;134;121;69m▆[0m[38;2;79;89;38;48;2;67;83;59m▄[0m[38;2;84;84;25;48;2;79;96;74m▖[0m[38;2;79;93;62;48;2;116;132;95m▅[0m[38;2;77;80;28;48;2;82;94;58m━[0m[38;2;77;95;69;48;2;84;92;42m▗[0m[38;2;87;107;79;48;2;70;90;61m▖[0m[38;2;49;64;51;48;2;60;79;59m▄[0m[38;2;27;38;29;48;2;117;115;97m▅[0m[38;2;23;33;27;48;2;117;119;95m▆[0m[38;2;30;42;32;48;2;45;52;50m▇[0m[38;2;68;71;49;48;2;30;35;30m▝[0m[38;2;23;34;25;48;2;33;47;30m▄[0m[38;2;35;49;35;48;2;64;84;73m▖[0m[38;2;44;55;34;48;2;78;95;81m▂[0m[38;2;81;93;72;48;2;49;63;46m┑[0m[38;2;65;75;51;48;2;24;36;26m▃[0m[38;2;48;63;50;48;2;24;36;25m▄[0m[38;2;52;66;38;48;2;171;170;141m▄[0m[38;2;89;104;78;48;2;142;145;117m▄[0m[38;2;119;120;79;48;2;77;89;61m╱[0m[38;2;27;39;21;48;2;81;86;62m━[0m[38;2;20;37;23;48;2;57;72;47m▆[0m[38;2;32;46;21;48;2;75;84;60m▆[0m[38;2;18;36;30;48;2;28;44;34m▅[0m[38;2;77;92;61;48;2;52;64;37m▂[0m
[0m[38;2;229;197;159;48;2;225;195;157m▍[0m[38;2;231;202;161;48;2;224;194;156m▂[0m[38;2;224;194;156;48;2;226;196;152m▅[0m[38;2;229;197;150;48;2;227;196;152m▁[0m[38;2;225;192;150;48;2;228;195;150m━[0m[38;2;226;192;152;48;2;228;195;152m━[0m[38;2;224;192;151;48;2;227;194;152m┻[0m[38;2;226;191;150;48;2;226;194;154m▂[0m[38;2;225;192;154;48;2;226;195;151m▅[0m[38;2;225;190;152;48;2;227;194;151m▃[0m[38;2;227;193;155;48;2;225;187;151m┯[0m[38;2;226;191;153;48;2;164;145;34m▆[0m[38;2;225;191;147;48;2;118;114;10m▅[0m[38;2;179;171;144;48;2;110;103;44m▆[0m[38;2;143;143;119;48;2;107;114;93m▘[0m[38;2;87;93;57;48;2;105;102;45m╍[0m[38;2;107;107;48;48;2;101;99;40m▎[0m[38;2;91;108;80;48;2;116;113;64m▅[0m[38;2;94;112;87;48;2;115;109;49m━[0m[38;2;103;100;58;48;2;168;161;131m▄[0m[38;2;148;143;96;48;2;93;94;61m▘[0m[38;2;97;114;88;48;2;102;99;54m▆[0m[38;2;96;110;82;48;2;75;90;53m▅[0m[38;2;81;88;31;48;2;79;97;70m▝[0m[38;2;80;91;56;48;2;95;96;22m▅[0m[38;2;67;82;61;48;2;70;81;41m▅[0m[38;2;97;103;68;48;2;83;89;54m┵[0m[38;2;55;72;56;48;2;79;91;66m▂[0m[38;2;44;60;47;48;2;81;97;71m▅[0m[38;2;33;48;40;48;2;72;86;63m▖[0m[38;2;27;42;37;48;2;37;52;45m╋[0m[38;2;68;81;73;48;2;31;46;36m▖[0m[38;2;21;36;31;48;2;33;46;45m━[0m[38;2;50;66;55;48;2;19;34;29m▃[0m[38;2;34;49;46;48;2;20;29;19m▃[0m[38;2;72;72;57;48;2;21;31;23m▄[0m[38;2;57;65;30;48;2;38;53;31m╺[0m[38;2;76;80;57;48;2;53;69;52m┱[0m[38;2;77;83;61;48;2;42;59;46m┯[0m[38;2;38;51;31;48;2;84;87;64m▌[0m[38;2;77;96;69;48;2;53;63;46m▂[0m[38;2;63;82;59;48;2;77;95;69m▚[0m[38;2;68;88;61;48;2;71;90;63m▖[0m[38;2;76;95;73;48;2;59;80;55m▍[0m[38;2;69;81;62;48;2;45;56;50m┚[0m[38;2;56;74;59;48;2;41;54;46m┸[0m[38;2;88;105;77;48;2;43;55;37m▗[0m[38;2;117;113;83;48;2;37;52;38m▄[0m[38;2;176;167;135;48;2;73;86;59m▅[0m
[0m[38;2;228;199;159;48;2;226;197;155m╸[0m[38;2;227;199;152;48;2;226;197;155m▗[0m[38;2;227;198;149;48;2;229;197;150m▃[0m[38;2;226;198;149;48;2;230;198;149m▇[0m[38;2;229;198;150;48;2;227;193;147m▅[0m[38;2;229;198;151;48;2;228;194;148m▂[0m[38;2;227;196;151;48;2;226;192;147m▄[0m[38;2;226;195;150;48;2;227;192;150m▆[0m[38;2;224;196;156;48;2;226;194;154m▅[0m[38;2;220;195;158;48;2;224;189;147m▄[0m[38;2;225;191;160;48;2;222;187;152m─[0m[38;2;162;137;44;48;2;225;191;152m▅[0m[38;2;181;153;100;48;2;116;112;10m▁[0m[38;2;162;144;65;48;2;198;170;131m▌[0m[38;2;146;144;100;48;2;119;115;16m━[0m[38;2;115;118;80;48;2;92;108;66m╁[0m[38;2;110;108;32;48;2;103;115;71m▃[0m[38;2;95;105;44;48;2;108;114;69m▅[0m[38;2;80;91;58;48;2;116;117;65m▇[0m[38;2;95;102;60;48;2;79;95;69m▁[0m[38;2;144;140;90;48;2;95;105;40m▗[0m[38;2;171;166;129;48;2;82;101;75m▄[0m[38;2;185;170;142;48;2;104;105;81m▄[0m[38;2;137;135;79;48;2;89;100;71m▖[0m[38;2;51;68;55;48;2;90;103;82m▂[0m[38;2;50;68;51;48;2;78;94;83m▃[0m[38;2;82;96;79;48;2;55;72;56m┛[0m[38;2;26;45;35;48;2;60;80;66m▋[0m[38;2;37;50;40;48;2;72;86;68m▃[0m[38;2;83;98;75;48;2;49;62;45m▗[0m[38;2;30;45;39;48;2;74;86;73m▘[0m[38;2;103;118;97;48;2;76;92;73m┶[0m[38;2;45;61;48;48;2;74;91;73m╺[0m[38;2;27;43;32;48;2;69;86;66m▝[0m[38;2;73;95;72;48;2;45;57;46m▄[0m[38;2;82;93;73;48;2;47;47;37m▝[0m[38;2;57;63;47;48;2;71;81;66m▎[0m[38;2;78;95;77;48;2;53;68;47m▃[0m[38;2;110;112;89;48;2;79;86;63m┖[0m[38;2;48;41;29;48;2;98;111;84m▍[0m[38;2;57;73;49;48;2;77;95;66m▗[0m[38;2;50;64;48;48;2;60;80;56m▂[0m[38;2;22;31;22;48;2;58;76;56m▗[0m[38;2;39;55;39;48;2;23;30;24m▘[0m[38;2;27;37;23;48;2;44;56;34m▚[0m[38;2;42;50;37;48;2;61;75;50m▅[0m[38;2;64;76;60;48;2;91;105;87m▅[0m[38;2;175;158;129;48;2;80;76;63m▘[0m[38;2;45;62;50;48;2;155;153;111m▆[0m
[0m[38;2;180;160;90;48;2;219;195;147m▂[0m[38;2;228;201;156;48;2;228;198;154m▚[0m[38;2;231;197;159;48;2;229;201;155m╷[0m[38;2;229;200;159;48;2;229;202;156m▄[0m[38;2;228;205;161;48;2;227;203;157m▄[0m[38;2;227;204;160;48;2;227;200;155m▃[0m[38;2;228;205;161;48;2;228;201;156m▁[0m[38;2;228;199;155;48;2;229;200;156m╼[0m[38;2;231;202;161;48;2;229;200;156m▁[0m[38;2;200;184;106;48;2;229;200;156m▁[0m[38;2;227;200;140;48;2;176;162;58m━[0m[38;2;158;147;34;48;2;217;191;135m╼[0m[38;2;155;139;56;48;2;223;191;150m▆[0m[38;2;136;120;38;48;2;124;118;5m▁[0m[38;2;138;134;38;48;2;125;115;0m▝[0m[38;2;122;119;6;48;2;98;103;42m▆[0m[38;2;130;130;44;48;2;95;104;54m▆[0m[38;2;126;129;104;48;2;106;103;24m▃[0m[38;2;120;135;103;48;2;99;101;29m▃[0m[38;2;162;153;95;48;2;95;100;38m▄[0m[38;2;152;151;107;48;2;138;135;86m╱[0m[38;2;114;115;33;48;2;135;139;86m┲[0m[38;2;101;111;86;48;2;83;97;65m┰[0m[38;2;124;135;103;48;2;79;86;50m▂[0m[38;2;82;95;72;48;2;59;75;57m▄[0m[38;2;83;98;83;48;2;41;63;51m▄[0m[38;2;56;76;62;48;2;28;45;33m▋[0m[38;2;49;66;56;48;2;30;42;32m▂[0m[38;2;109;121;104;48;2;37;49;41m▄[0m[38;2;115;124;106;48;2;51;65;51m▃[0m[38;2;22;38;30;48;2;51;67;49m┳[0m[38;2;70;82;65;48;2;25;42;31m▃[0m[38;2;68;82;66;48;2;21;37;26m▖[0m[38;2;49;62;52;48;2;20;34;26m▃[0m[38;2;61;78;60;48;2;25;41;30m▘[0m[38;2;26;38;32;48;2;42;42;23m▅[0m[38;2;33;43;32;48;2;73;70;47m▅[0m[38;2;77;90;72;48;2;84;98;77m▏[0m[38;2;134;133;108;48;2;65;56;36m▎[0m[38;2;47;53;39;48;2;78;95;74m▘[0m[38;2;76;91;72;48;2;60;75;54m▋[0m[38;2;56;72;50;48;2;39;51;44m▚[0m[38;2;57;71;54;48;2;26;38;26m▇[0m[38;2;35;47;33;48;2;52;66;54m╉[0m[38;2;82;91;73;48;2;23;34;19m╻[0m[38;2;72;81;65;48;2;25;30;22m╹[0m[38;2;37;50;37;48;2;21;26;20m▝[0m[38;2;22;30;20;48;2;50;58;47m▆[0m[38;2;39;47;36;48;2;22;29;21m▝[0m
[0m[38;2;234;200;146;48;2;195;172;89m╺[0m[38;2;227;201;157;48;2;229;201;154m▂[0m[38;2;229;201;154;48;2;231;203;156m┛[0m[38;2;230;203;157;48;2;230;199;156m┊[0m[38;2;230;203;157;48;2;230;201;157m [0m[38;2;230;202;155;48;2;227;204;160m▆[0m[38;2;230;203;156;48;2;228;205;161m▆[0m[38;2;229;203;153;48;2;230;202;155m╸[0m[38;2;227;199;149;48;2;228;203;154m┯[0m[38;2;227;198;151;48;2;123;114;14m▄[0m[38;2;229;200;156;48;2;192;176;68m▅[0m[38;2;229;203;164;48;2;231;201;156m┷[0m[38;2;206;177;136;48;2;230;202;159m━[0m[38;2;169;143;80;48;2;224;197;140m▝[0m[38;2;226;197;136;48;2;160;147;19m▃[0m[38;2;230;201;154;48;2;140;125;28m▅[0m[38;2;229;199;157;48;2;97;105;51m▆[0m[38;2;203;200;157;48;2;104;113;85m▆[0m[38;2;231;200;165;48;2;146;144;115m▂[0m[38;2;110;126;96;48;2;206;189;154m━[0m[38;2;224;196;155;48;2;134;143;114m▄[0m[38;2;219;200;151;48;2;141;146;114m▄[0m[38;2;221;195;146;48;2;134;137;111m▃[0m[38;2;91;107;86;48;2;139;149;123m╺[0m[38;2;146;148;125;48;2;78;101;81m▄[0m[38;2;218;194;161;48;2;85;104;82m▄[0m[38;2;217;209;179;48;2;84;100;82m▃[0m[38;2;219;192;146;48;2;119;129;101m▄[0m[38;2;185;174;142;48;2;129;131;108m▎[0m[38;2;143;145;113;48;2;78;89;74m▆[0m[38;2;76;88;62;48;2;47;63;49m▇[0m[38;2;72;89;70;48;2;125;118;92m▅[0m[38;2;73;90;75;48;2;82;99;80m▝[0m[38;2;97;109;88;48;2;41;55;43m▄[0m[38;2;79;95;82;48;2;42;52;42m▃[0m[38;2;64;78;62;48;2;45;54;49m┳[0m[38;2;77;88;73;48;2;54;62;46m╸[0m[38;2;84;97;79;48;2;57;56;39m▝[0m[38;2;68;71;59;48;2;34;37;28m▍[0m[38;2;23;30;19;48;2;74;87;69m▄[0m[38;2;19;29;19;48;2;57;69;54m▃[0m[38;2;22;32;21;48;2;44;56;44m▂[0m[38;2;72;81;47;48;2;26;38;26m▂[0m[38;2;85;83;51;48;2;38;50;39m▂[0m[38;2;90;103;72;48;2;37;45;33m▗[0m[38;2;105;111;78;48;2;22;29;21m▅[0m[38;2;91;102;76;48;2;31;34;21m╸[0m[38;2;41;45;33;48;2;24;31;23m╎[0m[38;2;48;56;44;48;2;23;30;22m╺[0m
[0m[38;2;138;127;24;48;2;202;184;72m▃[0m[38;2;119;114;41;48;2;231;202;150m▖[0m[38;2;230;199;152;48;2;232;202;155m▌[0m[38;2;228;203;157;48;2;230;201;151m▗[0m[38;2;225;203;161;48;2;232;200;155m▖[0m[38;2;231;203;156;48;2;230;202;155m┻[0m[38;2;233;201;151;48;2;231;203;155m┓[0m[38;2;229;203;163;48;2;231;204;159m┓[0m[38;2;230;202;154;48;2;230;199;153m▘[0m[38;2;232;201;155;48;2;233;202;156m▆[0m[38;2;230;199;153;48;2;232;201;155m─[0m[38;2;232;201;155;48;2;232;199;154m▉[0m[38;2;233;200;155;48;2;231;202;156m▇[0m[38;2;233;202;158;48;2;228;200;155m╆[0m[38;2;231;199;157;48;2;228;197;150m▇[0m[38;2;232;198;159;48;2;230;197;154m▝[0m[38;2;231;198;156;48;2;230;198;159m▃[0m[38;2;232;203;159;48;2;230;201;160m▄[0m[38;2;229;200;156;48;2;225;196;156m▉[0m[38;2;227;195;158;48;2;227;198;161m▇[0m[38;2;229;195;160;48;2;229;198;158m▚[0m[38;2;145;148;119;48;2;226;197;160m▗[0m[38;2;207;192;158;48;2;130;131;107m▘[0m[38;2;117;125;96;48;2;100;112;87m▂[0m[38;2;126;136;97;48;2;158;166;131m▄[0m[38;2;94;103;74;48;2;202;193;160m▅[0m[38;2;104;117;92;48;2;212;203;163m▄[0m[38;2;90;105;78;48;2;195;197;165m▆[0m[38;2;81;97;70;48;2;94;109;87m▅[0m[38;2;83;98;76;48;2;97;110;93m▄[0m[38;2;76;94;70;48;2;81;101;76m▖[0m[38;2;74;91;70;48;2;79;97;73m▁[0m[38;2;60;76;62;48;2;86;104;77m▅[0m[38;2;30;40;30;48;2;72;86;71m╾[0m[38;2;24;30;18;48;2;40;52;41m╼[0m[38;2;71;72;60;48;2;36;42;37m▃[0m[38;2;93;97;78;48;2;42;52;44m▗[0m[38;2;79;78;57;48;2;49;52;39m▃[0m[38;2;61;63;48;48;2;23;30;23m▎[0m[38;2;45;56;39;48;2;26;33;24m▗[0m[38;2;26;33;25;48;2;80;89;70m▆[0m[38;2;22;34;24;48;2;56;65;56m▋[0m[38;2;33;44;30;48;2;66;80;58m▘[0m[38;2;46;49;38;48;2;75;82;48m▗[0m[38;2;49;66;44;48;2;95;94;74m▅[0m[38;2;110;111;88;48;2;34;47;33m▘[0m[38;2;90;99;67;48;2;20;27;20m▗[0m[38;2;192;179;160;48;2;29;33;12m▂[0m[38;2;155;145;113;48;2;39;48;30m▖[0m
[0m[38;2;130;130;50;48;2;117;116;31m▚[0m[38;2;131;121;60;48;2;190;177;102m▎[0m[38;2;123;125;57;48;2;205;180;119m▂[0m[38;2;152;144;79;48;2;226;197;138m▁[0m[38;2;230;200;141;48;2;232;200;152m▂[0m[38;2;233;202;155;48;2;233;203;150m┯[0m[38;2;232;204;156;48;2;231;203;152m▅[0m[38;2;230;205;164;48;2;228;204;161m▅[0m[38;2;234;203;166;48;2;232;203;158m▅[0m[38;2;231;203;163;48;2;232;202;158m▆[0m[38;2;230;201;161;48;2;232;201;156m▇[0m[38;2;231;202;162;48;2;231;200;156m▇[0m[38;2;229;201;161;48;2;228;198;154m▇[0m[38;2;233;205;165;48;2;229;201;154m▆[0m[38;2;228;198;160;48;2;229;196;154m▖[0m[38;2;231;197;157;48;2;231;197;152m▅[0m[38;2;231;197;160;48;2;231;198;155m▄[0m[38;2;225;192;154;48;2;226;197;157m╍[0m[38;2;196;177;142;48;2;232;197;160m━[0m[38;2;208;176;153;48;2;230;191;158m▅[0m[38;2;156;143;118;48;2;218;193;158m▅[0m[38;2;102;119;102;48;2;198;178;147m▆[0m[38;2;163;160;131;48;2;86;107;88m▁[0m[38;2;142;137;111;48;2;79;101;78m▄[0m[38;2;101;116;91;48;2;94;106;77m▄[0m[38;2;87;101;74;48;2;92;108;82m▋[0m[38;2;85;102;80;48;2;83;99;73m┷[0m[38;2;114;123;94;48;2;80;98;71m▂[0m[38;2;81;95;67;48;2;81;101;74m▏[0m[38;2;77;94;68;48;2;82;102;77m▅[0m[38;2;43;52;45;48;2;80;95;72m▗[0m[38;2;21;26;20;48;2;64;79;60m▃[0m[38;2;64;78;61;48;2;31;38;31m▚[0m[38;2;74;87;69;48;2;42;52;38m▃[0m[38;2;17;28;15;48;2;69;79;67m▘[0m[38;2;132;126;99;48;2;48;54;44m▅[0m[38;2;185;168;138;48;2;37;42;35m▅[0m[38;2;143;125;91;48;2;97;101;69m▖[0m[38;2;79;93;72;48;2;52;59;50m▗[0m[38;2;83;99;79;48;2;60;73;53m▄[0m[38;2;81;98;78;48;2;23;35;20m▅[0m[38;2;78;92;74;48;2;25;37;28m▅[0m[38;2;74;88;63;48;2;47;60;42m▆[0m[38;2;48;63;51;48;2;73;86;66m▝[0m[38;2;72;75;59;48;2;43;57;41m▖[0m[38;2;76;98;70;48;2;52;64;55m▗[0m[38;2;83;100;74;48;2;133;129;89m▆[0m[38;2;78;96;72;48;2;187;175;144m▆[0m[38;2;76;91;68;48;2;97;114;81m▆[0m
[0m[38;2;129;114;30;48;2;98;113;54m┕[0m[38;2;95;104;61;48;2;126;125;49m▄[0m[38;2;114;115;56;48;2;132;133;65m┑[0m[38;2;178;169;105;48;2;135;133;59m╺[0m[38;2;182;167;105;48;2;216;193;126m▎[0m[38;2;223;198;139;48;2;228;199;155m▘[0m[38;2;229;199;164;48;2;231;202;162m╍[0m[38;2;231;201;167;48;2;231;200;169m▋[0m[38;2;232;201;172;48;2;231;200;169m┓[0m[38;2;227;200;170;48;2;230;201;170m▃[0m[38;2;229;199;170;48;2;229;202;171m╼[0m[38;2;230;201;171;48;2;230;201;166m▆[0m[38;2;229;206;172;48;2;231;203;166m▃[0m[38;2;229;204;167;48;2;230;204;160m▃[0m[38;2;230;205;171;48;2;230;200;162m▄[0m[38;2;228;205;174;48;2;228;199;161m▆[0m[38;2;227;203;169;48;2;228;199;160m▆[0m[38;2;228;203;166;48;2;227;198;161m▁[0m[38;2;229;190;151;48;2;229;200;159m▝[0m[38;2;229;197;159;48;2;232;190;155m▃[0m[38;2;218;189;144;48;2;229;194;155m▂[0m[38;2;186;175;138;48;2;227;198;153m▄[0m[38;2;220;189;151;48;2;148;147;123m▌[0m[38;2;96;110;84;48;2;109;120;93m▆[0m[38;2;217;191;157;48;2;88;96;72m▁[0m[38;2;149;149;122;48;2;81;94;67m▄[0m[38;2;156;147;110;48;2;96;105;78m▄[0m[38;2;70;64;17;48;2;122;132;107m▂[0m[38;2;43;51;40;48;2;131;127;56m▃[0m[38;2;143;139;43;48;2;92;96;29m▗[0m[38;2;80;85;30;48;2;96;103;83m▄[0m[38;2;100;113;100;48;2;54;69;60m╸[0m[38;2;75;89;77;48;2;36;50;46m▂[0m[38;2;86;101;76;48;2;83;94;72m╱[0m[38;2;64;77;54;48;2;78;94;69m▝[0m[38;2;92;107;79;48;2;188;172;139m▊[0m[38;2;125;132;108;48;2;169;164;138m▗[0m[38;2;141;148;123;48;2;104;89;64m▍[0m[38;2;36;47;26;48;2;80;75;47m╶[0m[38;2;53;62;49;48;2;79;97;77m▆[0m[38;2;20;34;27;48;2;58;71;55m┱[0m[38;2;34;47;30;48;2;66;84;62m▃[0m[38;2;29;40;32;48;2;65;78;67m▖[0m[38;2;61;75;61;48;2;79;93;67m▃[0m[38;2;74;72;42;48;2;77;78;54m▝[0m[38;2;69;76;53;48;2;80;94;65m┓[0m[38;2;79;95;71;48;2;82;99;73m▄[0m[38;2;80;98;74;48;2;73;91;70m╏[0m[38;2;37;51;36;48;2;72;90;71m▂[0m
[0m[38;2;106;114;39;48;2;90;102;57m┗[0m[38;2;75;92;60;48;2;90;101;61m▖[0m[38;2;90;99;48;48;2;112;122;71m▌[0m[38;2;117;121;66;48;2;177;175;115m▅[0m[38;2;154;137;63;48;2;213;191;138m▆[0m[38;2;171;160;71;48;2;228;201;141m▃[0m[38;2;145;133;65;48;2;214;190;130m▖[0m[38;2;223;183;150;48;2;231;199;163m▖[0m[38;2;232;201;170;48;2;231;197;169m▃[0m[38;2;231;200;169;48;2;226;201;167m▆[0m[38;2;232;201;171;48;2;230;200;169m┭[0m[38;2;230;200;165;48;2;229;204;174m▆[0m[38;2;231;202;168;48;2;229;206;173m▁[0m[38;2;232;203;170;48;2;227;201;167m▃[0m[38;2;230;203;174;48;2;231;201;169m┶[0m[38;2;230;206;180;48;2;229;205;176m┕[0m[38;2;231;207;181;48;2;228;205;175m▃[0m[38;2;229;207;180;48;2;228;205;172m▄[0m[38;2;231;210;183;48;2;229;206;174m▃[0m[38;2;228;207;177;48;2;227;201;167m▅[0m[38;2;228;202;171;48;2;230;198;156m▆[0m[38;2;227;198;159;48;2;228;201;162m╺[0m[38;2;111;115;86;48;2;226;197;158m▝[0m[38;2;228;199;159;48;2;166;156;128m▅[0m[38;2;228;199;161;48;2;193;174;149m▄[0m[38;2;232;205;176;48;2;166;164;106m▂[0m[38;2;213;190;159;48;2;127;124;54m▆[0m[38;2;170;149;128;48;2;55;63;51m▆[0m[38;2;181;170;103;48;2;102;94;49m┷[0m[38;2;217;189;159;48;2;84;70;52m▂[0m[38;2;116;116;98;48;2;65;68;53m▆[0m[38;2;47;53;32;48;2;95;109;82m╍[0m[38;2;160;156;129;48;2;86;91;71m▗[0m[38;2;189;172;135;48;2;86;99;75m▄[0m[38;2;72;90;71;48;2;99;111;88m▌[0m[38;2;192;189;157;48;2;115;124;103m▝[0m[38;2;106;102;76;48;2;177;157;122m▃[0m[38;2;130;110;80;48;2;97;93;67m▘[0m[38;2;81;75;49;48;2;75;71;41m╲[0m[38;2;75;82;66;48;2;50;57;42m┺[0m[38;2;73;90;70;48;2;39;53;38m▂[0m[38;2;75;86;69;48;2;21;32;24m▄[0m[38;2;39;48;42;48;2;26;36;27m▅[0m[38;2;20;28;13;48;2;42;55;47m┏[0m[38;2;29;42;37;48;2;80;90;68m▊[0m[38;2;81;71;43;48;2;37;45;38m▍[0m[38;2;80;92;71;48;2;51;63;49m▚[0m[38;2;82;94;71;48;2;36;46;38m▖[0m[38;2;20;31;23;48;2;75;71;49m▊[0m
[0m[38;2;93;106;70;48;2;82;100;61m╶[0m[38;2;75;85;58;48;2;85;93;70m▊[0m[38;2;115;120;62;48;2;98;108;70m▝[0m[38;2;164;159;96;48;2;122;120;54m▗[0m[38;2;172;162;88;48;2;143;135;46m▄[0m[38;2;224;201;152;48;2;211;185;101m▄[0m[38;2;224;201;159;48;2;212;188;139m▄[0m[38;2;229;205;171;48;2;227;198;158m▂[0m[38;2;229;207;176;48;2;230;199;168m▁[0m[38;2;229;207;176;48;2;231;201;170m [0m[38;2;231;205;176;48;2;231;201;168m▅[0m[38;2;230;204;175;48;2;229;199;164m▆[0m[38;2;230;206;177;48;2;232;202;169m▅[0m[38;2;231;204;178;48;2;234;203;174m▁[0m[38;2;233;204;174;48;2;232;202;168m▖[0m[38;2;233;202;171;48;2;232;205;176m▋[0m[38;2;232;206;179;48;2;231;208;183m▎[0m[38;2;229;210;185;48;2;228;209;179m▘[0m[38;2;232;209;178;48;2;230;210;183m▃[0m[38;2;229;208;181;48;2;230;207;176m▘[0m[38;2;229;205;170;48;2;228;202;160m▆[0m[38;2;228;202;170;48;2;230;199;160m▄[0m[38;2;229;201;161;48;2;230;198;158m▃[0m[38;2;231;198;157;48;2;231;197;159m▌[0m[38;2;220;192;146;48;2;231;197;159m▗[0m[38;2;196;173;121;48;2;229;204;163m▄[0m[38;2;130;119;53;48;2;215;196;160m╱[0m[38;2;228;202;176;48;2;126;121;60m▅[0m[38;2;232;200;152;48;2;233;199;159m╷[0m[38;2;232;201;169;48;2;225;197;164m▎[0m[38;2;212;197;168;48;2;113;121;102m▍[0m[38;2;159;153;126;48;2;118;135;112m━[0m[38;2;189;184;159;48;2;123;132;105m▅[0m[38;2;140;143;120;48;2;100;109;86m━[0m[38;2;106;118;98;48;2;83;95;72m▖[0m[38;2;80;95;72;48;2;64;82;57m▄[0m[38;2;75;92;67;48;2;82;93;73m┯[0m[38;2;88;94;72;48;2;85;74;43m▌[0m[38;2;66;63;32;48;2;84;89;64m▍[0m[38;2;44;45;39;48;2;66;69;52m▝[0m[38;2;74;90;71;48;2;54;57;43m▝[0m[38;2;72;83;66;48;2;58;65;49m▋[0m[38;2;42;50;47;48;2;51;60;50m┟[0m[38;2;63;74;67;48;2;43;50;42m▎[0m[38;2;34;41;32;48;2;79;88;69m╾[0m[38;2;28;35;29;48;2;67;75;53m▝[0m[38;2;55;54;34;48;2;22;29;21m▄[0m[38;2;32;32;11;48;2;65;78;57m┛[0m[38;2;78;93;70;48;2;43;48;43m▖[0m
[0m[38;2;75;91;62;48;2;61;76;58m▌[0m[38;2;65;80;57;48;2;77;88;61m▆[0m[38;2;79;93;73;48;2;104;108;79m▋[0m[38;2;188;184;137;48;2;111;118;74m▄[0m[38;2;159;156;75;48;2;165;157;99m▅[0m[38;2;145;142;72;48;2;212;201;149m▆[0m[38;2;126;125;58;48;2;150;154;107m▆[0m[38;2;224;209;178;48;2;186;171;115m▝[0m[38;2;158;144;51;48;2;226;211;177m▂[0m[38;2;167;145;8;48;2;228;207;170m▄[0m[38;2;229;201;138;48;2;230;207;175m▖[0m[38;2;229;206;174;48;2;232;208;180m┯[0m[38;2;229;208;181;48;2;231;210;183m━[0m[38;2;231;210;183;48;2;228;208;178m▂[0m[38;2;229;208;179;48;2;230;203;173m▄[0m[38;2;231;205;173;48;2;228;207;178m▘[0m[38;2;230;209;180;48;2;228;208;175m▄[0m[38;2;231;211;184;48;2;230;208;179m▄[0m[38;2;230;210;183;48;2;231;208;177m▃[0m[38;2;229;210;182;48;2;230;207;175m▖[0m[38;2;231;202;168;48;2;230;207;175m▄[0m[38;2;230;202;164;48;2;230;203;172m▄[0m[38;2;230;201;163;48;2;227;204;168m▝[0m[38;2;228;202;169;48;2;230;200;161m▂[0m[38;2;224;209;177;48;2;230;199;155m▂[0m[38;2;167;172;121;48;2;228;202;161m▂[0m[38;2;231;203;162;48;2;158;168;117m▝[0m[38;2;210;192;147;48;2;233;204;163m▃[0m[38;2;169;159;124;48;2;237;204;157m▅[0m[38;2;146;148;118;48;2;106;114;89m▊[0m[38;2;138;148;125;48;2;87;101;77m▃[0m[38;2;106;120;99;48;2;87;104;78m┐[0m[38;2;131;143;125;48;2;86;101;80m▝[0m[38;2;133;142;119;48;2;126;126;100m▘[0m[38;2;107;114;91;48;2;85;98;84m▋[0m[38;2;80;96;72;48;2;84;97;80m▝[0m[38;2;91;104;87;48;2;82;96;70m▅[0m[38;2;99;102;83;48;2;74;87;54m▅[0m[38;2;42;48;27;48;2;67;80;56m┇[0m[38;2;85;85;58;48;2;32;45;36m▝[0m[38;2;77;78;47;48;2;35;41;29m▘[0m[38;2;16;32;21;48;2;45;50;39m▖[0m[38;2;18;31;24;48;2;46;58;43m▇[0m[38;2;76;90;72;48;2;19;32;21m▂[0m[38;2;26;37;22;48;2;78;69;36m▘[0m[38;2;86;80;44;48;2;62;52;19m▘[0m[38;2;78;87;68;48;2;69;67;40m▗[0m[38;2;80;90;67;48;2;87;98;74m▘[0m[38;2;87;105;79;48;2;81;99;73m┊[0m
[0m[38;2;127;128;105;48;2;68;92;74m▗[0m[38;2;152;151;123;48;2;65;81;55m▄[0m[38;2;201;195;157;48;2;138;134;101m┒[0m[38;2;148;145;92;48;2;209;195;162m▆[0m[38;2;96;112;74;48;2;131;134;82m▗[0m[38;2;98;106;47;48;2;112;120;69m▄[0m[38;2;85;101;60;48;2;111;106;39m▌[0m[38;2;136;134;72;48;2;185;172;82m▆[0m[38;2;105;107;64;48;2;163;145;26m▅[0m[38;2;154;157;111;48;2;135;130;43m▁[0m[38;2;169;157;52;48;2;226;205;144m▌[0m[38;2;228;198;154;48;2;228;205;174m━[0m[38;2;235;206;175;48;2;233;211;187m▆[0m[38;2;232;208;174;48;2;232;211;182m▆[0m[38;2;230;210;177;48;2;231;210;181m▇[0m[38;2;232;209;176;48;2;231;210;181m▖[0m[38;2;230;211;181;48;2;229;209;182m▂[0m[38;2;231;211;184;48;2;231;212;183m╵[0m[38;2;235;214;183;48;2;232;212;185m▂[0m[38;2;232;213;185;48;2;230;211;181m▇[0m[38;2;229;210;182;48;2;232;215;186m▝[0m[38;2;229;214;181;48;2;227;205;172m▆[0m[38;2;229;214;181;48;2;227;209;176m▄[0m[38;2;229;213;181;48;2;228;207;171m▄[0m[38;2;231;211;178;48;2;217;202;164m▆[0m[38;2;174;168;96;48;2;215;202;162m▁[0m[38;2;230;208;165;48;2;165;171;125m▃[0m[38;2;127;136;87;48;2;153;157;99m▄[0m[38;2;71;88;63;48;2;104;121;96m▃[0m[38;2;81;98;79;48;2;113;120;100m▆[0m[38;2;100;114;89;48;2;178;181;158m▆[0m[38;2;101;116;95;48;2;116;129;103m▄[0m[38;2;117;135;112;48;2;104;116;96m▅[0m[38;2;175;171;143;48;2;132;136;108m┿[0m[38;2;88;91;75;48;2;128;133;115m▂[0m[38;2;153;157;130;48;2;103;114;88m┱[0m[38;2;66;76;61;48;2;108;123;96m▃[0m[38;2;23;32;26;48;2;93;76;37m▖[0m[38;2;26;38;25;48;2;65;76;59m▅[0m[38;2;26;36;37;48;2;43;52;43m▖[0m[38;2;66;83;63;48;2;29;45;35m▅[0m[38;2;65;79;62;48;2;31;42;31m▅[0m[38;2;76;85;60;48;2;43;54;34m▃[0m[38;2;68;61;42;48;2;81;85;59m▖[0m[38;2;46;34;18;48;2;74;61;35m▗[0m[38;2;58;58;37;48;2;72;84;63m▋[0m[38;2;82;102;77;48;2;82;96;70m▗[0m[38;2;85;99;77;48;2;84;101;82m▘[0m[38;2;79;96;68;48;2;83;100;81m▝[0m
[0m[38;2;69;87;60;48;2;89;93;64m▄[0m[38;2;76;91;49;48;2;112;117;90m▅[0m[38;2;96;105;60;48;2;123;136;113m▆[0m[38;2;101;106;55;48;2;157;154;112m▆[0m[38;2;133;130;77;48;2;113;113;52m▘[0m[38;2;115;112;69;48;2;101;111;60m╅[0m[38;2;94;112;69;48;2;99;106;53m▗[0m[38;2;92;107;59;48;2;83;98;60m▚[0m[38;2;97;107;53;48;2;73;86;49m▄[0m[38;2;107;114;57;48;2;130;129;57m▋[0m[38;2;126;133;53;48;2;170;151;34m▄[0m[38;2;154;133;40;48;2;221;196;148m▖[0m[38;2;215;203;156;48;2;229;209;176m▂[0m[38;2;228;209;176;48;2;229;211;176m┈[0m[38;2;229;210;181;48;2;231;211;178m▅[0m[38;2;229;209;180;48;2;231;208;180m▄[0m[38;2;230;211;181;48;2;231;212;182m▌[0m[38;2;232;213;181;48;2;235;214;182m▍[0m[38;2;235;215;181;48;2;234;214;181m▃[0m[38;2;235;215;181;48;2;233;213;180m▃[0m[38;2;237;213;184;48;2;234;214;180m╹[0m[38;2;233;214;179;48;2;232;213;181m▄[0m[38;2;231;212;180;48;2;231;215;182m▃[0m[38;2;214;202;166;48;2;228;214;180m┰[0m[38;2;165;164;118;48;2;227;214;160m▅[0m[38;2;153;158;120;48;2;168;168;96m▅[0m[38;2;211;195;163;48;2;176;176;146m┗[0m[38;2;159;164;105;48;2;147;156;104m▚[0m[38;2;125;137;119;48;2;69;87;65m▄[0m[38;2;97;114;98;48;2;71;89;65m▃[0m[38;2;103;118;99;48;2;87;102;82m▄[0m[38;2;119;133;119;48;2;87;101;81m▝[0m[38;2;88;99;80;48;2;116;134;110m▃[0m[38;2;90;92;77;48;2;111;113;82m━[0m[38;2;92;85;67;48;2;24;29;21m▏[0m[38;2;22;34;26;48;2;91;95;78m▄[0m[38;2;62;70;46;48;2;24;34;26m┏[0m[38;2;16;26;21;48;2;44;48;36m┖[0m[38;2;45;44;24;48;2;80;98;71m▏[0m[38;2;82;95;70;48;2;68;83;63m▇[0m[38;2;73;94;66;48;2;80;105;75m▍[0m[38;2;82;105;79;48;2;75;95;72m▘[0m[38;2;75;94;67;48;2;80;87;60m▊[0m[38;2;72;68;35;48;2;61;46;26m▖[0m[38;2;66;53;35;48;2;52;41;25m▗[0m[38;2;61;51;30;48;2;75;88;62m▍[0m[38;2;59;72;56;48;2;81;97;84m▋[0m[38;2;48;59;48;48;2;83;100;81m▄[0m[38;2;83;105;89;48;2;82;102;80m┒[0m
[0m[38;2;70;85;64;48;2;81;94;60m▌[0m[38;2;76;92;56;48;2;81;96;57m▄[0m[38;2;79;90;59;48;2;85;96;63m▊[0m[38;2;97;109;68;48;2;85;94;61m▚[0m[38;2;68;72;50;48;2;87;87;57m▖[0m[38;2;71;90;64;48;2;95;105;50m▆[0m[38;2;72;85;60;48;2;88;105;64m▇[0m[38;2;93;93;55;48;2;80;92;56m▖[0m[38;2;80;98;58;48;2;113;115;42m▅[0m[38;2;80;98;58;48;2;93;105;51m [0m[38;2;95;106;64;48;2;103;106;36m▖[0m[38;2;125;129;75;48;2;123;124;43m▅[0m[38;2;189;182;113;48;2;164;155;84m╏[0m[38;2;151;151;72;48;2;209;192;141m━[0m[38;2;229;203;160;48;2;234;209;178m▘[0m[38;2;233;210;176;48;2;232;213;177m▖[0m[38;2;235;215;180;48;2;232;213;180m▃[0m[38;2;234;216;177;48;2;232;215;180m▄[0m[38;2;234;214;177;48;2;235;215;180m▁[0m[38;2;237;214;179;48;2;237;217;182m▅[0m[38;2;235;216;178;48;2;236;219;183m▅[0m[38;2;235;215;179;48;2;235;216;182m┱[0m[38;2;234;214;176;48;2;235;217;184m▃[0m[38;2;236;215;177;48;2;235;217;183m▗[0m[38;2;194;191;146;48;2;230;209;172m▗[0m[38;2;201;197;156;48;2;143;156;131m▍[0m[38;2;149;159;146;48;2;168;171;115m▊[0m[38;2;192;188;138;48;2;145;152;106m┓[0m[38;2;130;143;122;48;2;123;132;114m┒[0m[38;2;113;132;120;48;2;86;103;86m▃[0m[38;2;93;107;94;48;2;76;91;72m▋[0m[38;2;69;86;66;48;2;77;95;73m╱[0m[38;2;78;96;73;48;2;94;113;93m▂[0m[38;2;54;62;42;48;2;119;118;88m▖[0m[38;2;149;147;124;48;2;54;66;54m▄[0m[38;2;170;160;138;48;2;82;86;65m▄[0m[38;2;197;182;154;48;2;117;118;101m┠[0m[38;2;98;115;83;48;2;86;60;41m▅[0m[38;2;84;100;73;48;2;64;87;60m▊[0m[38;2;80;98;78;48;2;63;80;60m╹[0m[38;2;59;73;58;48;2;74;93;74m▅[0m[38;2;30;43;29;48;2;68;82;67m━[0m[38;2;28;40;27;48;2;74;90;58m▄[0m[38;2;55;62;41;48;2;55;42;23m▎[0m[38;2;38;41;25;48;2;55;45;20m▃[0m[38;2;26;36;27;48;2;52;75;62m▂[0m[38;2;26;36;27;48;2;51;64;56m▂[0m[38;2;80;99;82;48;2;52;62;60m╺[0m[38;2;28;37;34;48;2;64;88;65m▃[0m
[0m[38;2;65;76;52;48;2;75;89;64m▋[0m[38;2;75;85;58;48;2;74;88;61m╂[0m[38;2;76;88;60;48;2;81;91;64m▋[0m[38;2;77;90;63;48;2;100;102;78m▌[0m[38;2;81;92;65;48;2;59;77;50m▋[0m[38;2;70;77;60;48;2;56;73;54m▆[0m[38;2;100;102;83;48;2;78;83;61m┛[0m[38;2;70;85;66;48;2;75;91;64m▆[0m[38;2;72;88;61;48;2;91;99;67m▊[0m[38;2;83;94;51;48;2;119;127;86m▖[0m[38;2;118;124;81;48;2;158;163;114m▊[0m[38;2;196;186;137;48;2;128;135;90m▅[0m[38;2;219;197;147;48;2;174;162;111m━[0m[38;2;189;178;79;48;2;235;212;172m▁[0m[38;2;234;209;179;48;2;235;211;176m▃[0m[38;2;235;213;180;48;2;235;212;178m▆[0m[38;2;233;215;182;48;2;235;213;179m▂[0m[38;2;232;211;172;48;2;233;215;178m┲[0m[38;2;143;145;105;48;2;223;201;163m╺[0m[38;2;138;149;118;48;2;185;184;118m━[0m[38;2;160;160;127;48;2;199;183;128m▄[0m[38;2;149;159;107;48;2;216;200;145m▆[0m[38;2;144;154;116;48;2;225;211;177m▆[0m[38;2;220;201;158;48;2;232;215;176m▅[0m[38;2;162;166;137;48;2;236;214;173m▆[0m[38;2;162;170;137;48;2;203;192;150m▖[0m[38;2;202;190;155;48;2;131;150;127m▏[0m[38;2;134;145;124;48;2;126;140;117m┡[0m[38;2;130;135;104;48;2;132;144;98m▖[0m[38;2;128;132;99;48;2;112;123;90m▏[0m[38;2;85;98;76;48;2;102;119;103m▆[0m[38;2;89;104;83;48;2;74;92;70m▃[0m[38;2;111;126;106;48;2;76;93;74m╺[0m[38;2;87;100;78;48;2;118;122;98m▍[0m[38;2;224;212;175;48;2;138;138;116m▗[0m[38;2;189;184;153;48;2;229;205;168m▘[0m[38;2;219;208;176;48;2;137;108;78m▍[0m[38;2;75;69;40;48;2;87;100;80m▖[0m[38;2;87;104;88;48;2;71;88;70m▌[0m[38;2;65;82;64;48;2;80;96;80m▌[0m[38;2;77;87;67;48;2;72;65;51m▎[0m[38;2;61;59;47;48;2;60;75;68m▍[0m[38;2;71;86;65;48;2;44;58;48m▌[0m[38;2;51;53;32;48;2;65;73;51m╻[0m[38;2;52;50;37;48;2;33;43;32m▅[0m[38;2;48;56;48;48;2;23;33;24m▆[0m[38;2;47;58;44;48;2;29;39;30m▌[0m[38;2;33;40;33;48;2;24;31;24m▃[0m[38;2;49;59;50;48;2;26;36;30m▃[0m
[0m[38;2;58;72;52;48;2;64;79;57m┇[0m[38;2;70;79;57;48;2;82;93;61m▇[0m[38;2;75;89;56;48;2;85;99;66m▍[0m[38;2;88;89;57;48;2;88;102;69m▝[0m[38;2;94;100;72;48;2;67;83;55m▅[0m[38;2;92;97;72;48;2;79;88;70m▖[0m[38;2;74;89;66;48;2;70;87;62m▂[0m[38;2;112;121;85;48;2;73;87;62m▂[0m[38;2;133;140;94;48;2;74;91;58m▃[0m[38;2;124;124;79;48;2;103;114;62m╻[0m[38;2;108;116;60;48;2;163;161;117m▆[0m[38;2;117;113;22;48;2;118;122;16m▃[0m[38;2;143;141;72;48;2;135;128;12m▁[0m[38;2;165;151;36;48;2;230;207;151m▋[0m[38;2;234;212;181;48;2;234;213;182m╾[0m[38;2;233;214;181;48;2;234;215;182m▄[0m[38;2;228;213;182;48;2;232;216;186m▄[0m[38;2;230;218;188;48;2;225;215;183m╌[0m[38;2;214;211;159;48;2;177;180;130m▍[0m[38;2;180;183;158;48;2;152;161;118m▃[0m[38;2;184;189;161;48;2;141;157;135m▃[0m[38;2;133;144;126;48;2;155;167;116m▌[0m[38;2;131;145;113;48;2;147;158;131m▊[0m[38;2;138;147;124;48;2;203;194;157m▃[0m[38;2;209;204;164;48;2;136;145;132m┑[0m[38;2;134;145;114;48;2;156;163;136m▆[0m[38;2;136;145;116;48;2;122;135;118m▊[0m[38;2;104;115;105;48;2;124;135;115m╊[0m[38;2;140;141;86;48;2;129;138;106m▄[0m[38;2;125;137;124;48;2;107;131;117m▃[0m[38;2;104;119;102;48;2;81;98;79m▎[0m[38;2;96;106;82;48;2;78;93;71m▌[0m[38;2;75;91;69;48;2;76;94;71m┚[0m[38;2;82;102;75;48;2;116;107;87m▋[0m[38;2;109;92;66;48;2;162;155;118m▍[0m[38;2;171;164;125;48;2;224;200;160m╾[0m[38;2;90;67;45;48;2;154;127;98m▗[0m[38;2;78;75;54;48;2;86;100;77m▏[0m[38;2;85;102;83;48;2;81;99;83m▃[0m[38;2;92;110;88;48;2;83;98;83m▂[0m[38;2;68;78;63;48;2;63;63;48m▎[0m[38;2;59;60;50;48;2;70;94;81m▌[0m[38;2;87;113;94;48;2;67;83;68m▄[0m[38;2;87;99;78;48;2;76;79;59m▌[0m[38;2;60;58;42;48;2;36;35;22m▌[0m[38;2;43;34;17;48;2;60;60;43m▋[0m[38;2;79;84;52;48;2;26;38;25m▆[0m[38;2;66;68;47;48;2;21;30;20m▅[0m[38;2;76;82;61;48;2;31;39;29m▅[0m
[0m[38;2;69;88;67;48;2;56;75;54m▎[0m[38;2;58;73;44;48;2;76;91;59m▋[0m[38;2;80;96;67;48;2;114;125;91m▇[0m[38;2;86;101;67;48;2;104;115;83m▄[0m[38;2;125;132;82;48;2;84;96;66m▂[0m[38;2;85;97;67;48;2;79;96;63m▚[0m[38;2;136;135;74;48;2;87;96;67m▆[0m[38;2;99;109;78;48;2;172;162;98m▘[0m[38;2;144;145;106;48;2;207;195;158m▅[0m[38;2;143;137;19;48;2;147;147;85m┷[0m[38;2;122;121;15;48;2;114;114;58m▃[0m[38;2;109;105;10;48;2;108;118;49m╌[0m[38;2;118;116;36;48;2;138;143;109m━[0m[38;2;132;141;83;48;2;148;155;126m▘[0m[38;2;198;193;153;48;2;232;217;184m▖[0m[38;2;233;222;195;48;2;230;216;184m▅[0m[38;2;234;223;203;48;2;232;219;185m▄[0m[38;2;231;223;197;48;2;189;190;134m▄[0m[38;2;228;223;201;48;2;164;172;115m▄[0m[38;2;233;229;200;48;2;166;177;118m▄[0m[38;2;150;166;123;48;2;176;185;161m┏[0m[38;2;151;161;134;48;2;140;157;114m▚[0m[38;2;150;164;144;48;2;140;157;108m▄[0m[38;2;147;160;141;48;2;142;154;122m▄[0m[38;2;115;127;105;48;2;127;142;115m╏[0m[38;2;128;143;106;48;2;114;125;108m▃[0m[38;2;128;143;106;48;2;130;141;104m [0m[38;2;105;114;85;48;2;117;128;108m╎[0m[38;2;146;153;140;48;2;126;141;127m▗[0m[38;2;192;179;133;48;2;136;146;136m▅[0m[38;2;152;150;130;48;2;132;143;95m▘[0m[38;2;105;123;104;48;2;97;111;88m▃[0m[38;2;145;133;111;48;2;97;102;82m╷[0m[38;2;86;100;77;48;2;144;129;98m▋[0m[38;2;149;136;103;48;2;228;206;170m▌[0m[38;2;234;208;182;48;2;159;130;104m▘[0m[38;2;138;114;88;48;2;71;57;39m▍[0m[38;2;101;106;90;48;2;93;102;84m╺[0m[38;2;101;95;79;48;2;97;108;91m▖[0m[38;2;91;104;84;48;2;95;104;86m╾[0m[38;2;72;70;50;48;2;90;79;59m▌[0m[38;2;90;82;71;48;2;75;74;62m▆[0m[38;2;95;126;110;48;2;95;118;104m┃[0m[38;2;91;112;98;48;2;92;78;46m▋[0m[38;2;79;62;32;48;2;49;38;26m▌[0m[38;2;30;23;14;48;2;47;45;30m▋[0m[38;2;78;106;83;48;2;61;68;53m▗[0m[38;2;83;105;87;48;2;78;94;74m▆[0m[38;2;81;103;83;48;2;45;55;38m▂[0m
[0m[38;2;59;74;51;48;2;68;83;59m▎[0m[38;2;56;70;52;48;2;69;85;59m┲[0m[38;2;56;71;50;48;2;71;86;67m▁[0m[38;2;80;96;70;48;2;94;105;70m▌[0m[38;2;124;133;71;48;2;86;98;56m▂[0m[38;2;96;109;74;48;2;137;138;96m▋[0m[38;2;137;133;60;48;2;167;163;127m▌[0m[38;2;124;132;109;48;2;164;164;134m▚[0m[38;2;98;102;56;48;2;127;130;109m▄[0m[38;2;88;95;68;48;2;156;160;113m┯[0m[38;2;152;150;86;48;2;81;90;57m▄[0m[38;2;111;122;73;48;2;84;99;68m▁[0m[38;2;140;149;121;48;2;167;177;143m▍[0m[38;2;205;203;183;48;2;148;155;129m╼[0m[38;2;182;184;163;48;2;214;195;171m▁[0m[38;2;207;212;169;48;2;171;173;133m▝[0m[38;2;219;211;178;48;2;235;224;196m▎[0m[38;2;226;215;183;48;2;233;219;191m▗[0m[38;2;193;189;138;48;2;231;220;192m▄[0m[38;2;182;180;119;48;2;230;223;193m▃[0m[38;2;133;143;124;48;2;212;204;183m▗[0m[38;2;171;177;154;48;2;208;206;179m▃[0m[38;2;199;203;175;48;2;154;161;142m┓[0m[38;2;181;182;153;48;2;143;156;118m╺[0m[38;2;146;147;73;48;2;134;145;100m▄[0m[38;2;108;117;93;48;2;159;163;97m╏[0m[38;2;114;128;104;48;2;143;148;80m▂[0m[38;2;117;119;84;48;2;123;140;129m▊[0m[38;2;143;153;131;48;2;114;131;115m▝[0m[38;2;163;160;95;48;2;185;177;131m┯[0m[38;2;162;160;92;48;2;126;135;90m▎[0m[38;2;104;118;104;48;2;95;101;78m▋[0m[38;2;103;98;79;48;2;92;98;75m▍[0m[38;2;88;106;85;48;2;124;119;86m▌[0m[38;2;134;119;84;48;2;215;197;164m▎[0m[38;2;191;164;137;48;2;124;104;88m▌[0m[38;2;71;68;47;48;2;107;117;93m▌[0m[38;2;92;104;87;48;2;102;112;95m▄[0m[38;2;97;109;91;48;2;86;103;81m▃[0m[38;2;98;107;90;48;2;82;100;80m▄[0m[38;2;73;77;52;48;2;93;83;63m▄[0m[38;2;77;71;54;48;2;85;104;89m▍[0m[38;2;91;119;105;48;2;89;116;104m┡[0m[38;2;89;114;98;48;2;76;72;43m▋[0m[38;2;76;61;35;48;2;56;45;24m▘[0m[38;2;58;51;24;48;2;45;39;21m▎[0m[38;2;74;82;64;48;2;80;107;88m▎[0m[38;2;88;112;87;48;2;83;108;87m▂[0m[38;2;92;115;89;48;2;89;109;83m┙[0m
[0m[38;2;68;83;64;48;2;65;84;57m├[0m[38;2;74;89;61;48;2;59;78;58m┯[0m[38;2;78;92;62;48;2;60;75;55m▆[0m[38;2;84;99;70;48;2;102;113;75m▋[0m[38;2;101;114;73;48;2;129;133;60m▆[0m[38;2;103;114;75;48;2;126;131;76m▋[0m[38;2;121;122;61;48;2;109;109;58m▊[0m[38;2;92;102;48;48;2;128;133;55m▖[0m[38;2;121;131;54;48;2;97;109;55m▃[0m[38;2;110;108;53;48;2;78;91;48m▝[0m[38;2;101;105;51;48;2;131;127;23m▖[0m[38;2;87;92;49;48;2;96;99;28m▁[0m[38;2;160;156;54;48;2;122;120;31m▝[0m[38;2;104;111;36;48;2;155;161;124m▖[0m[38;2;142;150;127;48;2;163;164;131m┖[0m[38;2;147;159;136;48;2;131;146;125m▎[0m[38;2;188;193;167;48;2;232;225;196m▎[0m[38;2;232;227;197;48;2;233;224;195m┍[0m[38;2;231;227;191;48;2;218;209;159m▊[0m[38;2;231;227;191;48;2;142;150;93m [0m[38;2;152;138;40;48;2;185;181;154m▄[0m[38;2;72;78;52;48;2;156;165;146m▃[0m[38;2;50;56;42;48;2;150;165;140m▅[0m[38;2;113;126;110;48;2;59;66;47m┚[0m[38;2;48;59;40;48;2;122;110;29m▄[0m[38;2;43;53;49;48;2;92;103;61m▅[0m[38;2;40;50;44;48;2;103;118;105m╼[0m[38;2;39;51;38;48;2;88;95;63m┎[0m[38;2;123;129;103;48;2;106;113;72m╿[0m[38;2;109;116;78;48;2;139;141;97m▁[0m[38;2;90;105;80;48;2;128;142;105m▃[0m[38;2;120;130;112;48;2;98;106;87m▘[0m[38;2;83;103;81;48;2;84;104;80m╉[0m[38;2;89;104;81;48;2;106;108;81m▍[0m[38;2;92;103;76;48;2;147;124;93m▋[0m[38;2;140;116;77;48;2;97;80;54m▎[0m[38;2;92;91;70;48;2;109;121;99m▎[0m[38;2;100;118;98;48;2;86;104;85m▎[0m[38;2;92;107;88;48;2;78;98;80m▌[0m[38;2;75;94;75;48;2;77;98;81m╲[0m[38;2;51;51;31;48;2;61;70;50m┗[0m[38;2;68;67;49;48;2;75;101;89m▍[0m[38;2;90;117;104;48;2;87;114;100m▗[0m[38;2;87;101;82;48;2;82;68;36m▋[0m[38;2;74;57;28;48;2;51;37;19m▍[0m[38;2;48;37;20;48;2;64;60;44m▉[0m[38;2;83;86;74;48;2;82;108;94m▌[0m[38;2;95;116;88;48;2;85;110;88m┕[0m[38;2;91;115;82;48;2;89;108;79m▂[0m
[0m[38;2;62;80;48;48;2;68;82;53m▁[0m[38;2;74;85;55;48;2;62;77;57m▃[0m[38;2;82;97;64;48;2;72;87;61m╺[0m[38;2;66;81;59;48;2;78;92;62m▄[0m[38;2;66;84;62;48;2;86;100;72m▖[0m[38;2;82;98;71;48;2;119;125;71m▆[0m[38;2;73;87;63;48;2;95;109;61m▃[0m[38;2;76;91;68;48;2;96;108;74m▆[0m[38;2;77;93;67;48;2;71;85;60m▖[0m[38;2;93;102;63;48;2;79;89;63m╸[0m[38;2;88;100;77;48;2;77;90;61m╋[0m[38;2;72;85;62;48;2;92;100;77m▘[0m[38;2;114;130;107;48;2;86;100;80m▅[0m[38;2;117;130;100;48;2;130;142;123m▍[0m[38;2;143;146;96;48;2;160;169;148m▁[0m[38;2;145;157;140;48;2;179;183;161m▗[0m[38;2;230;223;193;48;2;167;176;150m▝[0m[38;2;217;208;175;48;2;234;225;196m╼[0m[38;2;182;177;124;48;2;230;220;180m▆[0m[38;2;155;152;101;48;2;186;168;54m▃[0m[38;2;94;105;82;48;2;154;155;108m╹[0m[38;2;159;156;86;48;2;139;144;110m▖[0m[38;2;43;45;37;48;2;111;118;88m▝[0m[38;2;43;57;38;48;2;98;111;96m━[0m[38;2;29;37;27;48;2;135;144;93m▝[0m[38;2;135;142;97;48;2;23;36;27m▄[0m[38;2;129;136;92;48;2;42;53;30m▅[0m[38;2;108;115;68;48;2;26;32;26m╸[0m[38;2;31;43;31;48;2;81;88;55m▄[0m[38;2;57;70;50;48;2;86;95;81m▌[0m[38;2;89;99;86;48;2;44;57;47m▃[0m[38;2;80;84;70;48;2;101;108;95m▘[0m[38;2;117;121;97;48;2;87;111;86m▗[0m[38;2;168;144;96;48;2;103;113;90m▂[0m[38;2;111;120;94;48;2;145;133;112m▌[0m[38;2;110;92;67;48;2;93;89;68m▎[0m[38;2;108;124;101;48;2;81;96;75m▎[0m[38;2;87;106;86;48;2;80;98;82m╹[0m[38;2;86;104;93;48;2;79;97;83m╹[0m[38;2;88;103;84;48;2;77;95;76m▃[0m[38;2;65;71;52;48;2;78;87;67m┫[0m[38;2;59;66;43;48;2;77;94;76m▖[0m[38;2;82;102;82;48;2;89;113;97m▂[0m[38;2;82;103;82;48;2;80;66;36m▌[0m[38;2;77;61;25;48;2;53;40;25m▊[0m[38;2;44;35;20;48;2;51;43;29m▊[0m[38;2;69;72;54;48;2;80;103;88m▍[0m[38;2;85;109;93;48;2;85;110;90m╲[0m[38;2;97;118;88;48;2;84;105;86m┊[0m
[0m[38;2;76;90;57;48;2;67;81;48m▄[0m[38;2;68;81;50;48;2;72;86;57m╺[0m[38;2;64;78;52;48;2;71;85;57m┒[0m[38;2;80;90;64;48;2;66;80;54m▂[0m[38;2;84;98;70;48;2;77;93;68m┎[0m[38;2;108;120;84;48;2;95;105;72m▗[0m[38;2;161;163;125;48;2;86;100;75m▆[0m[38;2;80;92;76;48;2;74;86;70m╲[0m[38;2;138;147;126;48;2;81;94;71m╺[0m[38;2;120;129;112;48;2;78;90;67m▇[0m[38;2;84;96;72;48;2;135;147;125m▅[0m[38;2;170;173;135;48;2;88;95;69m▃[0m[38;2;69;83;33;48;2;100;114;87m▄[0m[38;2;86;97;27;48;2;82;96;68m▇[0m[38;2;115;121;66;48;2;106;101;32m▂[0m[38;2;129;132;73;48;2;153;162;142m▘[0m[38;2;204;204;176;48;2;171;178;159m▗[0m[38;2;211;201;165;48;2;234;223;192m━[0m[38;2;227;218;178;48;2;172;179;114m▌[0m[38;2;152;158;96;48;2;209;206;157m▆[0m[38;2;140;146;103;48;2;82;94;63m▋[0m[38;2;42;54;41;48;2;138;145;127m▆[0m[38;2;128;136;111;48;2;60;74;56m▚[0m[38;2;130;140;117;48;2;119;132;105m┑[0m[38;2;40;51;30;48;2;120;135;105m▖[0m[38;2;115;128;106;48;2;107;115;83m▅[0m[38;2;113;130;111;48;2;26;37;28m▃[0m[38;2;103;113;102;48;2;24;36;26m▅[0m[38;2;121;123;108;48;2;28;40;29m▂[0m[38;2;100;109;91;48;2;43;55;44m▂[0m[38;2;107;96;76;48;2;42;53;46m▂[0m[38;2;65;69;53;48;2;105;111;91m▋[0m[38;2;113;119;98;48;2;140;143;127m▌[0m[38;2;175;162;125;48;2;125;125;104m▘[0m[38;2;123;128;110;48;2;114;87;72m▋[0m[38;2;114;93;72;48;2;90;78;59m▍[0m[38;2;98;113;89;48;2;84;103;83m▋[0m[38;2;83;100;82;48;2;79;98;78m▗[0m[38;2;78;97;77;48;2;83;102;83m▝[0m[38;2;87;108;93;48;2;82;99;80m▃[0m[38;2;90;108;93;48;2;77;90;70m▖[0m[38;2;60;75;54;48;2;80;94;74m━[0m[38;2;82;97;78;48;2;92;105;85m▖[0m[38;2;100;115;92;48;2;85;72;41m▌[0m[38;2;82;66;34;48;2;58;51;31m▍[0m[38;2;60;48;25;48;2;55;43;26m╲[0m[38;2;71;70;51;48;2;73;96;79m▎[0m[38;2;100;123;95;48;2;87;112;91m▗[0m[38;2;100;122;94;48;2;97;113;84m▌[0m
[0m[38;2;72;82;54;48;2;66;80;60m▅[0m[38;2;67;80;54;48;2;69;84;59m▄[0m[38;2;72;86;60;48;2;69;83;57m▝[0m[38;2;107;113;60;48;2;71;84;57m▗[0m[38;2;132;138;54;48;2;98;108;65m▅[0m[38;2;133;135;56;48;2;75;84;60m▅[0m[38;2;133;135;111;48;2;90;95;68m▆[0m[38;2;110;116;100;48;2;86;98;78m▃[0m[38;2;141;154;132;48;2;99;108;86m▅[0m[38;2;136;149;129;48;2;101;110;88m▄[0m[38;2;151;154;125;48;2;102;105;76m▆[0m[38;2;110;118;56;48;2;148;148;100m▃[0m[38;2;101;98;11;48;2;67;78;43m▃[0m[38;2;109;110;15;48;2;89;92;27m▃[0m[38;2;89;96;43;48;2;130;144;113m▍[0m[38;2;165;170;149;48;2;146;155;130m▝[0m[38;2;167;166;115;48;2;192;193;142m╱[0m[38;2;236;223;194;48;2;215;210;180m▄[0m[38;2;230;227;182;48;2;188;185;134m▄[0m[38;2;202;204;169;48;2;159;168;126m▘[0m[38;2;69;83;52;48;2;165;169;112m▄[0m[38;2;73;64;25;48;2;115;124;112m▃[0m[38;2;76;76;34;48;2;137;152;134m▅[0m[38;2;40;45;37;48;2;131;141;119m▃[0m[38;2;100;102;82;48;2;130;133;93m▁[0m[38;2;75;76;53;48;2;125;129;107m▂[0m[38;2;131;124;98;48;2;114;119;93m▃[0m[38;2;142;124;90;48;2;121;121;95m━[0m[38;2;114;100;76;48;2;128;121;95m┲[0m[38;2;110;126;100;48;2;122;120;95m▃[0m[38;2;163;138;115;48;2;103;106;83m▗[0m[38;2;88;83;61;48;2;104;110;83m▌[0m[38;2;103;117;94;48;2;92;94;75m▄[0m[38;2;70;63;46;48;2;108;92;77m┰[0m[38;2;120;103;85;48;2;92;83;66m┷[0m[38;2;112;101;78;48;2;78;67;45m▗[0m[38;2;93;87;62;48;2;89;101;76m▘[0m[38;2;83;82;60;48;2;95;102;79m┷[0m[38;2;93;87;65;48;2;97;96;80m┄[0m[38;2;95;88;68;48;2;89;101;82m▃[0m[38;2;111;99;73;48;2;84;99;82m▂[0m[38;2;86;101;78;48;2;87;103;86m▃[0m[38;2;87;97;76;48;2;95;107;86m▃[0m[38;2;96;106;82;48;2;83;71;42m▌[0m[38;2;83;63;33;48;2;54;43;20m▖[0m[38;2;43;34;18;48;2;55;48;30m▌[0m[38;2;77;81;60;48;2;79;107;85m▏[0m[38;2;85;107;89;48;2;82;105;85m▚[0m[38;2;93;109;92;48;2;95;110;89m▋[0m
[0m[38;2;69;93;61;48;2;73;83;56m▆[0m[38;2;67;83;55;48;2;61;75;52m▌[0m[38;2;62;76;47;48;2;62;77;53m▃[0m[38;2;109;117;75;48;2;62;77;54m▝[0m[38;2;63;78;52;48;2;133;134;70m▅[0m[38;2;90;100;61;48;2;135;136;64m▅[0m[38;2;124;132;74;48;2;162;159;118m▋[0m[38;2;143;145;118;48;2;100;111;88m▇[0m[38;2;160;155;135;48;2;145;154;133m▘[0m[38;2;118;130;105;48;2;141;150;122m▗[0m[38;2;162;169;137;48;2;121;132;105m▘[0m[38;2;115;117;36;48;2;93;99;36m┺[0m[38;2;75;85;17;48;2;88;100;47m▚[0m[38;2;62;73;34;48;2;92;101;38m▄[0m[38;2;72;80;49;48;2;97;106;56m▂[0m[38;2;50;59;10;48;2;135;137;69m▃[0m[38;2;104;112;20;48;2;146;142;94m▃[0m[38;2;86;93;58;48;2;235;225;196m▄[0m[38;2;122;125;97;48;2;207;191;147m▃[0m[38;2;178;175;95;48;2;90;83;51m┙[0m[38;2;90;97;40;48;2;52;62;43m┷[0m[38;2;59;71;55;48;2;35;48;20m▆[0m[38;2;110;121;101;48;2;56;68;51m▁[0m[38;2;109;116;93;48;2;30;41;36m▃[0m[38;2;129;135;108;48;2;63;69;60m▃[0m[38;2;94;98;78;48;2;123;129;104m▘[0m[38;2;112;115;96;48;2;117;130;108m▂[0m[38;2;119;124;101;48;2;133;116;99m▋[0m[38;2;104;118;95;48;2;111;113;91m▝[0m[38;2;89;101;81;48;2;106;110;87m▅[0m[38;2;43;51;35;48;2;99;90;72m▁[0m[38;2;34;45;34;48;2;93;89;70m▃[0m[38;2;58;66;51;48;2;103;108;78m▃[0m[38;2;57;68;57;48;2;113;109;85m▖[0m[38;2;105;105;87;48;2;74;65;51m▋[0m[38;2;71;60;40;48;2;84;80;56m▊[0m[38;2;75;69;48;48;2;88;102;77m┬[0m[38;2;88;91;69;48;2;88;104;77m▃[0m[38;2;107;120;100;48;2;81;94;71m▃[0m[38;2;105;119;96;48;2;74;85;66m▄[0m[38;2;93;107;84;48;2;76;71;55m▅[0m[38;2;86;88;67;48;2;131;108;83m▅[0m[38;2;130;112;76;48;2;89;100;77m━[0m[38;2;93;96;73;48;2;92;72;41m▌[0m[38;2;59;47;26;48;2;84;72;47m▆[0m[38;2;42;36;22;48;2;53;46;27m┥[0m[38;2;76;82;62;48;2;84;103;83m▎[0m[38;2;92;116;90;48;2;84;107;85m▗[0m[38;2;92;107;84;48;2;95;113;91m▗[0m
[0m[38;2;66;89;73;48;2;64;85;68m╻[0m[38;2;60;82;69;48;2;61;79;58m▅[0m[38;2;60;82;69;48;2;60;72;48m [0m[38;2;61;72;50;48;2;67;77;53m┛[0m[38;2;67;77;53;48;2;82;95;52m▅[0m[38;2;70;81;58;48;2;134;140;64m▆[0m[38;2;98;108;66;48;2;136;135;66m▅[0m[38;2;130;135;77;48;2;134;140;87m╲[0m[38;2;89;99;64;48;2;108;118;83m▗[0m[38;2;65;81;54;48;2;102;113;82m▆[0m[38;2;82;92;53;48;2;67;78;34m╲[0m[38;2;126;136;69;48;2;63;75;42m┍[0m[38;2;126;134;105;48;2;72;85;53m▝[0m[38;2;146;155;119;48;2;91;105;71m▆[0m[38;2;155;160;136;48;2;124;135;105m▄[0m[38;2;141;146;113;48;2;179;184;156m▘[0m[38;2;200;198;160;48;2;39;44;26m▆[0m[38;2;160;173;153;48;2;58;75;47m▄[0m[38;2;143;157;139;48;2;158;162;143m▂[0m[38;2;198;198;166;48;2;165;172;153m┗[0m[38;2;189;191;142;48;2;157;168;134m▝[0m[38;2;144;154;127;48;2;181;182;127m▃[0m[38;2;92;100;49;48;2;151;150;111m╼[0m[38;2;128;136;116;48;2;72;93;69m▌[0m[38;2;70;82;54;48;2;62;67;23m▋[0m[38;2;40;52;20;48;2;111;115;45m▄[0m[38;2;101;107;29;48;2;21;35;24m▘[0m[38;2;36;47;33;48;2;84;78;66m┳[0m[38;2;93;93;73;48;2;102;118;91m▏[0m[38;2;30;40;25;48;2;85;98;80m▝[0m[38;2;89;75;59;48;2;27;38;24m▄[0m[38;2;101;100;84;48;2;37;51;36m▂[0m[38;2;122;114;84;48;2;91;105;87m▗[0m[38;2;103;93;64;48;2;122;127;106m▌[0m[38;2;117;120;106;48;2;77;69;60m▋[0m[38;2;71;57;50;48;2;80;66;38m╴[0m[38;2;106;115;91;48;2;97;111;84m╲[0m[38;2;94;104;79;48;2;68;58;47m▅[0m[38;2;76;72;56;48;2;96;102;81m╲[0m[38;2;93;87;69;48;2;96;106;85m▃[0m[38;2;80;96;72;48;2;74;93;71m▍[0m[38;2;75;92;73;48;2;81;100;79m▋[0m[38;2;87;102;79;48;2;80;99;72m▋[0m[38;2;50;44;29;48;2;82;88;56m▝[0m[38;2;86;70;38;48;2;47;39;21m▖[0m[38;2;42;36;20;48;2;52;47;28m▉[0m[38;2;72;71;52;48;2;83;104;81m▌[0m[38;2;81;104;79;48;2;91;114;85m▊[0m[38;2;109;131;92;48;2;95;113;89m┓[0m
[0m[38;2;60;79;63;48;2;61;87;73m▏[0m[38;2;63;77;54;48;2;61;84;71m▝[0m[38;2;59;74;55;48;2;59;72;48m▖[0m[38;2;75;85;58;48;2;66;76;52m┏[0m[38;2;41;53;34;48;2;66;76;49m▗[0m[38;2;50;60;41;48;2;68;77;56m▄[0m[38;2;69;79;55;48;2;53;68;47m▌[0m[38;2;50;65;44;48;2;104;115;67m▆[0m[38;2;54;60;36;48;2;61;75;42m▃[0m[38;2;39;44;30;48;2;73;65;46m▃[0m[38;2;67;66;47;48;2;93;103;79m▋[0m[38;2;84;94;70;48;2;97;106;84m╂[0m[38;2;130;140;114;48;2;72;83;52m▆[0m[38;2;145;154;124;48;2;163;171;148m▌[0m[38;2;156;164;139;48;2;188;185;157m▌[0m[38;2;212;203;157;48;2;161;166;144m▅[0m[38;2;197;194;162;48;2;178;182;146m┛[0m[38;2;159;168;136;48;2;146;158;139m▍[0m[38;2;166;172;144;48;2;150;161;138m▗[0m[38;2;145;157;134;48;2;155;166;142m▄[0m[38;2;139;145;103;48;2;151;162;141m▅[0m[38;2;146;157;115;48;2;113;118;80m▉[0m[38;2;88;95;54;48;2;112;127;98m▘[0m[38;2;130;144;119;48;2;107;124;104m┭[0m[38;2;109;123;108;48;2;32;42;31m▆[0m[38;2;105;117;106;48;2;26;39;27m▅[0m[38;2;100;116;88;48;2;102;120;89m┠[0m[38;2;135;127;111;48;2;118;111;93m┒[0m[38;2;104;112;94;48;2;109;121;99m▝[0m[38;2;103;105;89;48;2;106;120;97m┃[0m[38;2;108;108;76;48;2;99;94;62m┑[0m[38;2;124;110;90;48;2;111;99;78m┱[0m[38;2;102;108;80;48;2;139;123;82m▋[0m[38;2;123;111;78;48;2;124;129;112m▌[0m[38;2;122;125;108;48;2;103;103;74m▏[0m[38;2;80;73;55;48;2;76;62;40m▅[0m[38;2;100;101;77;48;2;70;63;40m▝[0m[38;2;95;102;79;48;2;95;111;84m▎[0m[38;2;93;107;81;48;2;87;101;75m▅[0m[38;2;92;103;79;48;2;91;94;73m▖[0m[38;2;69;63;48;48;2;75;93;71m╸[0m[38;2;78;93;72;48;2;101;110;89m▍[0m[38;2;78;93;72;48;2;88;103;82m [0m[38;2;88;95;73;48;2;81;65;43m▌[0m[38;2;73;55;33;48;2;27;16;11m▋[0m[38;2;23;16;6;48;2;22;17;11m┚[0m[38;2;42;42;26;48;2;84;100;82m▌[0m[38;2;79;103;74;48;2;85;108;90m▗[0m[38;2;82;95;65;48;2;106;121;90m▃[0m
[0m[38;2;74;93;72;48;2;64;81;62m▖[0m[38;2;62;83;66;48;2;64;77;57m▘[0m[38;2;52;66;43;48;2;66;79;59m▇[0m[38;2;53;64;42;48;2;70;80;52m▆[0m[38;2;58;67;46;48;2;44;58;36m▘[0m[38;2;49;62;42;48;2;42;55;35m▂[0m[38;2;59;72;45;48;2;44;57;37m╼[0m[38;2;43;55;31;48;2;59;69;43m▂[0m[38;2;62;66;42;48;2;42;55;31m▍[0m[38;2;43;57;33;48;2;53;67;37m▂[0m[38;2;51;65;41;48;2;90;105;78m▃[0m[38;2;45;58;37;48;2;114;128;103m▂[0m[38;2;68;82;57;48;2;95;109;84m▅[0m[38;2;107;120;97;48;2;153;159;130m▎[0m[38;2;197;194;160;48;2;160;169;139m▝[0m[38;2;169;174;148;48;2;197;196;166m▆[0m[38;2;169;177;153;48;2;153;162;142m▎[0m[38;2;146;154;130;48;2;150;158;137m┖[0m[38;2;184;185;136;48;2;157;160;131m▝[0m[38;2;142;155;123;48;2;152;161;105m▅[0m[38;2;126;133;108;48;2;147;158;111m┕[0m[38;2;142;151;104;48;2;127;141;108m╴[0m[38;2;125;137;117;48;2;100;115;99m▅[0m[38;2;127;142;124;48;2;121;137;119m▂[0m[38;2;115;127;117;48;2;110;123;110m▌[0m[38;2;119;134;122;48;2;112;125;116m▅[0m[38;2;111;127;116;48;2;105;114;98m▋[0m[38;2;147;130;117;48;2;125;112;99m┃[0m[38;2;114;117;97;48;2;110;122;99m▏[0m[38;2;108;121;96;48;2;116;113;92m▊[0m[38;2;112;109;88;48;2;88;91;66m▊[0m[38;2;99;101;75;48;2;116;101;85m▊[0m[38;2;134;124;85;48;2;122;107;76m▝[0m[38;2;100;103;75;48;2;104;120;94m▊[0m[38;2;109;121;98;48;2;107;93;69m▎[0m[38;2;93;102;75;48;2;68;63;47m▊[0m[38;2;67;54;39;48;2;72;59;43m┴[0m[38;2;69;58;37;48;2;93;106;79m▖[0m[38;2;100;113;92;48;2;94;108;81m▂[0m[38;2;86;98;69;48;2;91;103;79m┏[0m[38;2;87;92;47;48;2;91;89;71m▂[0m[38;2;81;98;61;48;2;93;89;76m▄[0m[38;2;89;79;64;48;2;85;102;77m▆[0m[38;2;87;90;63;48;2;77;71;49m▘[0m[38;2;31;25;12;48;2;61;49;36m▗[0m[38;2;49;38;27;48;2;31;22;19m▍[0m[38;2;41;37;27;48;2;82;97;61m▋[0m[38;2;82;100;76;48;2;69;83;48m▌[0m[38;2;67;82;50;48;2;55;71;34m▊[0m
[0m[38;2;74;86;49;48;2;67;77;56m▃[0m[38;2;69;82;54;48;2;70;84;60m▁[0m[38;2;64;77;58;48;2;51;65;42m▎[0m[38;2;63;76;43;48;2;49;63;40m▃[0m[38;2;67;75;40;48;2;45;59;35m▄[0m[38;2;60;71;46;48;2;43;56;37m▂[0m[38;2;63;65;41;48;2;54;54;36m┚[0m[38;2;49;62;38;48;2;36;50;33m▄[0m[38;2;48;63;44;48;2;42;57;36m╻[0m[38;2;36;51;32;48;2;45;60;39m━[0m[38;2;50;65;44;48;2;41;55;36m▂[0m[38;2;35;50;31;48;2;50;60;41m━[0m[38;2;50;59;38;48;2;73;87;56m▍[0m[38;2;104;110;81;48;2;152;157;127m▏[0m[38;2;154;164;146;48;2;160;170;146m▆[0m[38;2;138;148;131;48;2;154;165;135m▅[0m[38;2;146;155;128;48;2;171;174;139m▋[0m[38;2;172;180;142;48;2;161;167;132m╼[0m[38;2;156;167;135;48;2;191;189;140m▅[0m[38;2;148;162;143;48;2;156;165;134m▅[0m[38;2;143;156;136;48;2;144;153;124m▅[0m[38;2;129;143;128;48;2;121;134;107m▆[0m[38;2;133;143;129;48;2;122;123;110m▊[0m[38;2;111;120;93;48;2;135;145;118m▄[0m[38;2;110;119;100;48;2;123;134;117m▂[0m[38;2;124;128;114;48;2;124;137;122m▌[0m[38;2;113;124;104;48;2;135;131;114m▉[0m[38;2;153;146;137;48;2;111;108;85m▌[0m[38;2;96;107;68;48;2;111;125;100m▅[0m[38;2;73;88;64;48;2;110;124;99m▃[0m[38;2;91;83;56;48;2;116;108;89m▄[0m[38;2;70;86;59;48;2;98;100;80m▃[0m[38;2;109;104;75;48;2;78;76;52m▝[0m[38;2;71;85;61;48;2;93;107;81m▃[0m[38;2;92;110;84;48;2;103;103;77m▌[0m[38;2;96;93;66;48;2;93;103;78m▌[0m[38;2;88;99;77;48;2;80;63;50m▖[0m[38;2;55;50;30;48;2;64;62;40m▚[0m[38;2;86;98;75;48;2;103;117;91m▄[0m[38;2;79;91;66;48;2;72;80;26m▅[0m[38;2;45;73;51;48;2;68;86;45m▖[0m[38;2;69;79;17;48;2;54;68;31m▖[0m[38;2;52;58;20;48;2;70;67;32m▃[0m[38;2;46;34;25;48;2;79;66;36m▃[0m[38;2;36;27;10;48;2;43;36;20m▗[0m[38;2;27;19;12;48;2;43;33;31m▆[0m[38;2;53;37;29;48;2;60;74;37m▍[0m[38;2;71;87;50;48;2;57;76;30m▘[0m[38;2;61;79;34;48;2;54;71;35m┑[0m
[0m[38;2;51;67;40;48;2;72;84;48m▂[0m[38;2;67;80;48;48;2;58;68;42m┻[0m[38;2;74;86;48;48;2;54;67;47m▝[0m[38;2;54;67;49;48;2;66;78;47m▂[0m[38;2;68;78;41;48;2;63;73;39m┘[0m[38;2;69;62;37;48;2;48;37;23m▋[0m[38;2;31;32;19;48;2;47;57;39m▊[0m[38;2;50;67;41;48;2;42;57;36m▂[0m[38;2;64;87;58;48;2;46;61;39m▂[0m[38;2;55;73;47;48;2;44;59;38m▂[0m[38;2;47;62;42;48;2;45;60;39m▅[0m[38;2;49;61;39;48;2;73;83;56m▋[0m[38;2;113;123;98;48;2;81;91;66m▝[0m[38;2;131;140;122;48;2;156;172;139m▊[0m[38;2;125;137;106;48;2;165;178;148m▗[0m[38;2;161;170;146;48;2;141;154;131m▚[0m[38;2;154;163;137;48;2;163;172;145m▚[0m[38;2;152;164;139;48;2;159;169;144m▂[0m[38;2;196;193;149;48;2;148;157;138m▗[0m[38;2;188;190;152;48;2;151;162;140m▆[0m[38;2;179;186;153;48;2;146;157;135m▅[0m[38;2;141;149;127;48;2;143;156;131m╺[0m[38;2;143;151;128;48;2;132;136;115m▍[0m[38;2;128;130;108;48;2;113;113;97m▂[0m[38;2;105;115;88;48;2;107;118;95m┺[0m[38;2;113;124;107;48;2;117;127;111m▄[0m[38;2;147;150;136;48;2;114;127;109m▗[0m[38;2;127;121;84;48;2;89;87;51m▋[0m[38;2;77;91;42;48;2;68;80;44m▋[0m[38;2;65;77;36;48;2;52;64;41m▖[0m[38;2;50;65;37;48;2;70;84;58m┫[0m[38;2;62;74;51;48;2;74;88;53m▗[0m[38;2;75;88;55;48;2;69;84;44m┈[0m[38;2;58;71;51;48;2;92;102;71m▃[0m[38;2;65;79;55;48;2;92;109;82m▅[0m[38;2;77;81;58;48;2;93;93;66m▃[0m[38;2;86;102;74;48;2;73;60;45m▊[0m[38;2;81;70;54;48;2;61;55;34m▍[0m[38;2;55;50;30;48;2;79;89;65m▋[0m[38;2;79;95;69;48;2;68;78;37m▍[0m[38;2;43;73;47;48;2;70;84;30m▂[0m[38;2;63;78;22;48;2;54;68;14m▏[0m[38;2;41;46;26;48;2;56;55;24m┳[0m[38;2;63;65;25;48;2;36;37;24m▂[0m[38;2;33;39;27;48;2;29;28;14m▖[0m[38;2;25;25;20;48;2;28;44;31m▘[0m[38;2;37;50;29;48;2;55;69;34m╸[0m[38;2;49;64;31;48;2;54;68;33m▊[0m[38;2;56;67;33;48;2;53;64;29m▌[0m
[0m[38;2;59;74;53;48;2;43;55;33m▍[0m[38;2;54;69;46;48;2;36;51;32m▂[0m[38;2;49;64;45;48;2;40;55;36m▂[0m[38;2;49;64;45;48;2;57;72;53m▎[0m[38;2;59;64;43;48;2;70;64;45m▌[0m[38;2;36;27;21;48;2;58;48;40m▝[0m[38;2;62;88;54;48;2;52;65;42m▃[0m[38;2;48;68;40;48;2;64;84;54m▎[0m[38;2;64;88;56;48;2;65;88;59m━[0m[38;2;65;89;57;48;2;58;81;51m▍[0m[38;2;60;75;52;48;2;56;71;48m╸[0m[38;2;66;76;51;48;2;64;74;49m┓[0m[38;2;125;139;124;48;2;87;96;75m▆[0m[38;2;99;109;85;48;2;122;134;111m▎[0m[38;2;133;141;117;48;2;150;153;121m▊[0m[38;2;154;162;139;48;2;161;169;145m╸[0m[38;2;154;162;138;48;2;162;171;144m▝[0m[38;2;178;180;151;48;2;150;163;141m▂[0m[38;2;196;196;154;48;2;181;185;149m▃[0m[38;2;176;186;157;48;2;175;178;152m╍[0m[38;2;140;153;135;48;2;182;184;157m▄[0m[38;2;171;181;156;48;2;145;153;130m▘[0m[38;2;133;133;111;48;2;135;148;121m▝[0m[38;2;127;128;111;48;2;142;146;132m▉[0m[38;2;113;114;95;48;2;123;132;111m▌[0m[38;2;109;117;95;48;2;118;126;105m▃[0m[38;2;101;116;87;48;2;117;126;105m▂[0m[38;2;81;91;27;48;2;70;86;50m╼[0m[38;2;66;78;25;48;2;40;56;33m▍[0m[38;2;38;53;32;48;2;55;71;38m▋[0m[38;2;56;71;39;48;2;71;85;35m▎[0m[38;2;45;58;37;48;2;62;74;54m▖[0m[38;2;53;67;44;48;2;60;74;49m▄[0m[38;2;65;77;53;48;2;55;69;42m▗[0m[38;2;62;74;50;48;2;57;71;45m┹[0m[38;2;66;76;52;48;2;77;87;62m▎[0m[38;2;89;95;72;48;2;84;91;71m▄[0m[38;2;64;61;46;48;2;56;49;33m▌[0m[38;2;49;43;27;48;2;51;49;28m▋[0m[38;2;55;73;51;48;2;42;64;38m▍[0m[38;2;67;79;36;48;2;45;72;38m▅[0m[38;2;55;73;36;48;2;73;79;23m▅[0m[38;2;40;62;38;48;2;51;56;27m▆[0m[38;2;36;50;28;48;2;63;66;24m▇[0m[38;2;44;57;39;48;2;34;48;30m▚[0m[38;2;43;59;36;48;2;42;55;32m╱[0m[38;2;46;63;31;48;2;45;62;30m╍[0m[38;2;54;73;48;48;2;46;61;36m▁[0m[38;2;50;73;44;48;2;48;64;28m▖[0m
[0m[38;2;49;62;44;48;2;66;79;53m▄[0m[38;2;44;57;38;48;2;61;73;51m▃[0m[38;2;46;60;41;48;2;57;72;51m▂[0m[38;2;62;77;57;48;2;50;67;48m▘[0m[38;2;72;65;48;48;2;51;66;43m┡[0m[38;2;39;38;18;48;2;50;45;32m┣[0m[38;2;46;64;35;48;2;66;85;53m╸[0m[38;2;61;81;51;48;2;69;89;61m▃[0m[38;2;66;90;58;48;2;60;79;51m▘[0m[38;2;62;81;53;48;2;56;74;48m┫[0m[38;2;59;81;52;48;2;53;71;49m▄[0m[38;2;60;74;49;48;2;94;109;84m▊[0m[38;2;129;138;119;48;2;90;102;81m▊[0m[38;2;97;109;85;48;2;135;146;129m▍[0m[38;2;142;153;129;48;2;144;157;132m╳[0m[38;2;141;154;136;48;2;156;165;135m▂[0m[38;2;153;163;137;48;2;179;188;154m▌[0m[38;2;187;187;154;48;2;178;184;150m╱[0m[38;2;184;192;163;48;2;149;157;136m▝[0m[38;2;134;146;124;48;2;147;161;144m▅[0m[38;2;127;141;120;48;2;136;148;132m━[0m[38;2;124;137;112;48;2;138;149;132m┓[0m[38;2;135;149;132;48;2;131;144;127m▘[0m[38;2;157;157;137;48;2;113;125;102m▎[0m[38;2;108;109;74;48;2;131;131;113m▃[0m[38;2;94;103;61;48;2;113;118;86m▅[0m[38;2;100;111;76;48;2;77;87;40m▎[0m[38;2;71;86;59;48;2;68;81;56m╲[0m[38;2;64;79;48;48;2;50;68;43m▂[0m[38;2;47;59;37;48;2;56;71;46m▂[0m[38;2;47;62;39;48;2;42;56;36m▏[0m[38;2;57;71;47;48;2;43;56;37m▖[0m[38;2;43;56;36;48;2;47;60;40m┙[0m[38;2;57;71;46;48;2;52;66;43m┷[0m[38;2;62;76;51;48;2;54;66;44m▘[0m[38;2;55;68;44;48;2;82;92;67m▆[0m[38;2;59;72;46;48;2;84;97;69m▖[0m[38;2;98;105;84;48;2;71;72;50m▎[0m[38;2;70;63;44;48;2;47;43;31m▎[0m[38;2;88;97;76;48;2;58;75;49m╷[0m[38;2;45;61;37;48;2;52;68;39m┓[0m[38;2;48;71;42;48;2;46;65;40m╲[0m[38;2;45;65;40;48;2;34;61;32m▁[0m[38;2;46;69;43;48;2;39;51;30m▍[0m[38;2;38;53;35;48;2;43;55;35m▋[0m[38;2;41;53;33;48;2;43;62;37m▚[0m[38;2;41;64;37;48;2;47;70;38m┄[0m[38;2;48;68;41;48;2;46;62;38m▊[0m[38;2;52;67;43;48;2;37;52;31m▊[0m
[0m[38;2;56;70;44;48;2;45;59;35m▎[0m[38;2;49;63;40;48;2;43;57;34m┓[0m[38;2;40;51;34;48;2;42;57;38m▌[0m[38;2;50;64;42;48;2;64;77;46m▌[0m[38;2;73;76;45;48;2;75;63;48m▎[0m[38;2;69;56;41;48;2;46;37;23m▎[0m[38;2;56;46;30;48;2;65;66;48m▖[0m[38;2;39;62;33;48;2;52;72;43m┸[0m[38;2;69;88;59;48;2;48;71;42m▂[0m[38;2;67;87;52;48;2;49;71;41m▄[0m[38;2;63;82;54;48;2;61;82;51m┃[0m[38;2;62;81;53;48;2;76;96;71m▊[0m[38;2;106;120;96;48;2;88;103;74m┹[0m[38;2;92;105;84;48;2;138;150;129m▋[0m[38;2;134;147;129;48;2;141;155;132m▌[0m[38;2;138;152;132;48;2;140;152;135m▄[0m[38;2;149;158;136;48;2;191;192;156m▋[0m[38;2;196;193;152;48;2;169;166;132m▊[0m[38;2;170;177;154;48;2;141;149;133m┙[0m[38;2;118;135;117;48;2;126;140;123m┓[0m[38;2;118;130;113;48;2;131;145;130m▁[0m[38;2;94;109;88;48;2;131;142;125m▂[0m[38;2;99;109;84;48;2;133;146;128m▅[0m[38;2;91;101;74;48;2;71;83;57m▌[0m[38;2;51;71;46;48;2;87;98;47m▅[0m[38;2;52;68;45;48;2;70;84;56m▆[0m[38;2;52;68;41;48;2;76;88;53m▅[0m[38;2;64;81;43;48;2;56;79;52m▘[0m[38;2;44;56;36;48;2;48;62;37m┑[0m[38;2;48;61;43;48;2;43;56;35m▌[0m[38;2;38;53;34;48;2;51;66;43m▍[0m[38;2;57;71;48;48;2;48;62;39m▃[0m[38;2;53;65;43;48;2;48;60;38m╱[0m[38;2;47;56;36;48;2;53;63;39m▆[0m[38;2;52;64;42;48;2;47;57;33m▘[0m[38;2;45;59;36;48;2;51;65;42m▘[0m[38;2;72;87;59;48;2;60;73;46m▝[0m[38;2;82;83;65;48;2;74;60;47m▘[0m[38;2;75;62;42;48;2;49;40;26m▌[0m[38;2;49;47;34;48;2;39;54;37m▎[0m[38;2;38;55;43;48;2;41;58;39m▆[0m[38;2;36;53;37;48;2;48;67;43m▆[0m[38;2;40;52;34;48;2;46;64;40m▆[0m[38;2;44;57;39;48;2;41;54;36m▃[0m[38;2;36;51;30;48;2;43;58;39m┕[0m[38;2;36;49;29;48;2;43;58;33m▌[0m[38;2;33;53;28;48;2;44;64;37m┛[0m[38;2;47;70;38;48;2;52;69;44m▁[0m[38;2;45;59;39;48;2;33;42;25m▊[0m
[0m[38;2;44;58;35;48;2;58;72;43m▝[0m[38;2;41;54;33;48;2;52;64;42m▝[0m[38;2;43;56;38;48;2;59;74;45m▘[0m[38;2;82;70;56;48;2;61;76;43m┏[0m[38;2;50;39;27;48;2;62;54;43m┠[0m[38;2;82;69;36;48;2;66;59;34m▖[0m[38;2;41;33;22;48;2;60;57;40m▘[0m[38;2;55;66;38;48;2;42;57;36m▎[0m[38;2;34;48;33;48;2;64;85;45m▂[0m[38;2;77;92;57;48;2;65;86;45m▗[0m[38;2;75;95;66;48;2;69;90;58m▂[0m[38;2;66;83;54;48;2;77;94;62m▘[0m[38;2;76;93;58;48;2;80;97;65m▍[0m[38;2;141;152;132;48;2;87;103;74m▝[0m[38;2;103;120;95;48;2;134;148;132m▄[0m[38;2;101;120;105;48;2;128;146;128m▖[0m[38;2;116;133;113;48;2;136;151;130m▗[0m[38;2;115;131;113;48;2;145;158;141m▄[0m[38;2;110;125;106;48;2;126;137;120m▅[0m[38;2;108;123;100;48;2;124;139;120m╺[0m[38;2;128;143;119;48;2;94;113;87m▘[0m[38;2;79;94;65;48;2;87;101;75m╂[0m[38;2;84;97;70;48;2;93;106;78m▃[0m[38;2;71;84;54;48;2;56;72;52m▋[0m[38;2;53;71;52;48;2;49;68;48m╷[0m[38;2;47;64;45;48;2;54;73;50m╸[0m[38;2;49;70;49;48;2;47;67;43m▎[0m[38;2;47;66;45;48;2;51;71;48m┺[0m[38;2;50;69;49;48;2;46;63;41m▆[0m[38;2;50;64;38;48;2;40;52;33m▎[0m[38;2;43;57;34;48;2;53;66;41m▌[0m[38;2;50;68;46;48;2;57;71;48m▗[0m[38;2;48;65;42;48;2;45;60;37m▋[0m[38;2;47;60;40;48;2;41;57;38m▎[0m[38;2;51;71;47;48;2;44;62;41m▁[0m[38;2;44;62;39;48;2;58;70;50m▇[0m[38;2;42;56;44;48;2;38;53;38m▋[0m[38;2;39;49;34;48;2;66;60;47m▍[0m[38;2;56;59;45;48;2;40;30;18m▋[0m[38;2;36;40;30;48;2;38;48;35m▄[0m[38;2;20;26;22;48;2;33;44;35m▅[0m[38;2;30;41;28;48;2;34;44;32m▆[0m[38;2;36;54;36;48;2;39;49;34m╍[0m[38;2;37;52;38;48;2;41;58;39m▅[0m[38;2;24;42;26;48;2;44;57;37m▂[0m[38;2;20;41;30;48;2;41;60;36m▁[0m[38;2;24;34;28;48;2;48;66;42m▄[0m[38;2;48;63;43;48;2;45;59;43m▚[0m[38;2;48;61;41;48;2;34;46;30m┘[0m
[0m[38;2;68;78;54;48;2;59;69;45m╆[0m[38;2;42;55;39;48;2;59;71;49m▅[0m[38;2;65;80;58;48;2;44;59;42m▝[0m[38;2;47;37;28;48;2;47;63;26m▝[0m[38;2;62;76;48;48;2;54;70;33m┢[0m[38;2;64;66;39;48;2;42;53;34m▏[0m[38;2;38;50;31;48;2;34;46;24m▌[0m[38;2;35;49;26;48;2;27;46;26m▅[0m[38;2;43;63;35;48;2;31;46;26m▁[0m[38;2;42;61;41;48;2;71;89;69m▅[0m[38;2;55;79;63;48;2;64;86;70m┑[0m[38;2;132;132;135;48;2;83;94;75m▂[0m[38;2;143;140;134;48;2;89;79;68m▃[0m[38;2;135;131;119;48;2;105;119;95m▄[0m[38;2;127;133;127;48;2;114;132;116m▄[0m[38;2;153;165;158;48;2;118;130;118m▗[0m[38;2;161;174;165;48;2;122;135;116m▄[0m[38;2;159;171;163;48;2;100;114;97m▖[0m[38;2;68;83;60;48;2;114;131;112m▗[0m[38;2;110;124;104;48;2;73;89;63m▘[0m[38;2;69;90;63;48;2;79;97;75m▅[0m[38;2;63;81;55;48;2;82;93;69m▄[0m[38;2;50;68;42;48;2;82;94;70m▆[0m[38;2;50;65;40;48;2;65;80;59m▆[0m[38;2;55;75;48;48;2;66;81;61m▅[0m[38;2;65;82;58;48;2;63;81;55m┇[0m[38;2;63;78;55;48;2;57;74;50m▆[0m[38;2;61;65;33;48;2;60;80;55m▄[0m[38;2;53;60;44;48;2;64;80;54m▂[0m[38;2;55;69;46;48;2;47;60;36m▌[0m[38;2;40;59;34;48;2;54;67;42m▅[0m[38;2;37;56;28;48;2;48;66;45m┯[0m[38;2;54;69;45;48;2;47;67;40m▃[0m[38;2;54;74;47;48;2;47;67;40m▝[0m[38;2;43;60;41;48;2;45;68;42m▅[0m[38;2;46;60;43;48;2;36;50;33m▌[0m[38;2;46;60;43;48;2;39;53;36m [0m[38;2;42;54;39;48;2;69;60;49m▎[0m[38;2;70;65;59;48;2;54;53;41m▍[0m[38;2;29;32;30;48;2;35;39;25m╍[0m[38;2;51;59;19;48;2;31;42;27m▗[0m[38;2;38;46;32;48;2;50;57;38m▄[0m[38;2;47;56;27;48;2;93;90;25m▄[0m[38;2;29;40;42;48;2;74;79;40m▂[0m[38;2;42;54;33;48;2;24;42;30m┑[0m[38;2;20;37;29;48;2;38;47;23m▌[0m[38;2;59;63;32;48;2;32;39;20m╹[0m[38;2;38;44;27;48;2;42;52;29m▄[0m[38;2;27;34;26;48;2;34;41;33m▄[0m
[0m[38;2;38;54;25;48;2;51;63;43m▇[0m[38;2;39;51;32;48;2;36;47;30m┬[0m[38;2;34;48;30;48;2;45;58;38m┻[0m[38;2;34;42;32;48;2;47;56;32m━[0m[38;2;50;63;39;48;2;55;74;45m▆[0m[38;2;46;58;38;48;2;63;72;55m▄[0m[38;2;42;51;34;48;2;55;65;38m┻[0m[38;2;47;57;32;48;2;36;50;27m▘[0m[38;2;95;93;77;48;2;57;63;48m▗[0m[38;2;126;108;98;48;2;105;88;85m┯[0m[38;2;143;129;131;48;2;116;108;113m┷[0m[38;2;105;85;86;48;2;127;126;134m▂[0m[38;2;108;85;87;48;2;123;117;124m▆[0m[38;2;101;97;93;48;2;127;118;123m▆[0m[38;2;98;115;106;48;2;116;114;116m▄[0m[38;2;94;96;89;48;2;122;141;132m▅[0m[38;2;61;49;56;48;2;107;105;100m▅[0m[38;2;72;58;64;48;2;94;82;81m▅[0m[38;2;79;66;66;48;2;85;75;72m▂[0m[38;2;68;57;59;48;2;83;78;65m▁[0m[38;2;75;65;67;48;2;76;92;68m▁[0m[38;2;67;80;62;48;2;76;85;68m╵[0m[38;2;54;70;47;48;2;73;85;63m▝[0m[38;2;61;74;52;48;2;57;72;47m▏[0m[38;2;67;83;55;48;2;44;64;37m▁[0m[38;2;63;78;31;48;2;70;89;61m▇[0m[38;2;68;79;17;48;2;70;83;43m▆[0m[38;2;65;79;17;48;2;89;90;20m▆[0m[38;2;65;75;45;48;2;59;66;40m┵[0m[38;2;55;66;31;48;2;51;58;42m▂[0m[38;2;51;66;39;48;2;60;72;26m┛[0m[38;2;47;65;33;48;2;50;66;37m╾[0m[38;2;45;60;40;48;2;49;62;44m▆[0m[38;2;39;53;39;48;2;48;60;38m▘[0m[38;2;59;74;36;48;2;42;61;39m▗[0m[38;2;94;93;7;48;2;57;65;33m▃[0m[38;2;95;98;7;48;2;61;69;23m▄[0m[38;2;79;85;22;48;2;43;41;28m┷[0m[38;2;33;42;26;48;2;45;57;39m▄[0m[38;2;33;43;32;48;2;40;49;34m▄[0m[38;2;48;54;53;48;2;31;37;33m┙[0m[38;2;28;34;28;48;2;32;43;31m▇[0m[38;2;21;38;29;48;2;36;47;37m┪[0m[38;2;22;37;26;48;2;41;52;34m▄[0m[38;2;49;67;44;48;2;37;48;39m┎[0m[38;2;31;43;36;48;2;28;35;27m▃[0m[38;2;33;44;36;48;2;29;37;26m▁[0m[38;2;31;37;31;48;2;27;34;26m┲[0m[38;2;39;46;38;48;2;26;34;23m┓[0m
[0m[38;2;57;67;53;48;2;47;61;36m▘[0m[38;2;36;49;29;48;2;49;60;44m▅[0m[38;2;37;48;34;48;2;52;56;41m▆[0m[38;2;70;72;58;48;2;46;55;43m▗[0m[38;2;74;75;59;48;2;95;92;77m▌[0m[38;2;93;77;76;48;2;83;82;60m▄[0m[38;2;94;78;80;48;2;66;67;52m▆[0m[38;2;88;72;72;48;2;47;56;43m▆[0m[38;2;88;75;78;48;2;55;57;45m▆[0m[38;2;121;110;109;48;2;89;76;75m─[0m[38;2;111;91;92;48;2;84;66;66m▝[0m[38;2;56;42;35;48;2;81;59;51m┏[0m[38;2;62;49;44;48;2;101;82;84m▆[0m[38;2;58;54;51;48;2;97;88;89m▇[0m[38;2;86;83;79;48;2;145;152;152m▄[0m[38;2;139;155;151;48;2;119;123;124m┻[0m[38;2;146;160;156;48;2;77;79;83m▆[0m[38;2;150;163;161;48;2;85;86;86m▆[0m[38;2;141;153;155;48;2;77;79;78m▆[0m[38;2;189;198;195;48;2;134;143;148m╶[0m[38;2;150;159;157;48;2;111;118;119m▅[0m[38;2;144;153;157;48;2;85;81;79m▅[0m[38;2;126;107;93;48;2;95;81;75m▅[0m[38;2;117;105;86;48;2;91;87;77m▃[0m[38;2;85;79;41;48;2;100;90;73m▃[0m[38;2;57;61;31;48;2;73;82;16m▍[0m[38;2;60;75;36;48;2;86;91;17m▇[0m[38;2;47;57;21;48;2;53;73;22m▖[0m[38;2;67;77;16;48;2;63;70;29m▄[0m[38;2;61;76;19;48;2;55;71;28m╹[0m[38;2;41;54;34;48;2;56;68;28m▗[0m[38;2;49;62;31;48;2;53;67;33m▋[0m[38;2;48;62;37;48;2;46;59;37m▉[0m[38;2;40;52;39;48;2;48;64;41m▅[0m[38;2;44;54;41;48;2;103;102;41m▆[0m[38;2;38;44;28;48;2;78;82;0m▂[0m[38;2;38;45;29;48;2;72;80;6m▄[0m[38;2;45;47;35;48;2;38;43;29m┊[0m[38;2;36;40;28;48;2;51;50;28m▋[0m[38;2;57;52;32;48;2;35;37;30m━[0m[38;2;22;27;24;48;2;36;41;39m▆[0m[38;2;31;42;34;48;2;24;35;29m┃[0m[38;2;40;50;42;48;2;29;41;32m┎[0m[38;2;30;41;33;48;2;19;36;26m▄[0m[38;2;35;45;35;48;2;24;37;27m▍[0m[38;2;22;32;24;48;2;27;38;32m▁[0m[38;2;26;31;21;48;2;26;38;29m▅[0m[38;2;23;32;21;48;2;28;34;27m▆[0m[38;2;25;35;26;48;2;31;38;30m▇[0m
[0m[38;2;27;37;31;48;2;43;55;36m▄[0m[38;2;21;31;20;48;2;38;48;32m▄[0m[38;2;29;42;35;48;2;47;58;41m▄[0m[38;2;75;70;62;48;2;48;53;42m▝[0m[38;2;51;41;52;48;2;79;69;67m▂[0m[38;2;83;69;69;48;2;63;56;61m▘[0m[38;2;85;74;79;48;2;54;47;54m▃[0m[38;2;85;71;72;48;2;54;44;52m▃[0m[38;2;79;64;69;48;2;62;54;65m▃[0m[38;2;69;54;54;48;2;77;60;66m─[0m[38;2;63;48;51;48;2;85;65;67m▅[0m[38;2;47;33;42;48;2;82;67;72m▄[0m[38;2;169;180;172;48;2;77;67;65m▗[0m[38;2;184;199;191;48;2;107;114;107m▖[0m[38;2;88;90;81;48;2;151;166;161m▄[0m[38;2;84;85;79;48;2;162;166;155m▂[0m[38;2;105;125;114;48;2;129;149;137m▂[0m[38;2;127;139;131;48;2;115;128;118m┛[0m[38;2;120;142;129;48;2;166;178;173m▇[0m[38;2;116;127;119;48;2;144;160;152m▃[0m[38;2;123;123;119;48;2;154;136;133m▊[0m[38;2;77;69;65;48;2;129;115;106m▃[0m[38;2;78;64;67;48;2;125;108;94m▅[0m[38;2;85;78;52;48;2;69;78;25m▋[0m[38;2;87;101;14;48;2;72;78;34m╼[0m[38;2;58;79;35;48;2;95;98;9m▅[0m[38;2;59;71;24;48;2;53;67;27m▎[0m[38;2;60;75;31;48;2;60;74;15m▄[0m[38;2;49;63;38;48;2;66;74;33m▄[0m[38;2;51;67;22;48;2;44;58;36m▘[0m[38;2;47;60;30;48;2;52;65;32m▍[0m[38;2;42;53;35;48;2;50;63;34m▂[0m[38;2;47;62;34;48;2;43;56;37m▘[0m[38;2;43;60;39;48;2;75;80;50m▌[0m[38;2;79;76;27;48;2;43;47;27m▘[0m[38;2;39;44;42;48;2;82;82;32m▎[0m[38;2;43;48;14;48;2;27;33;23m▎[0m[38;2;31;30;22;48;2;25;31;26m▝[0m[38;2;26;31;24;48;2;30;35;28m╸[0m[38;2;25;31;21;48;2;34;43;34m▊[0m[38;2;33;42;37;48;2;18;28;28m╋[0m[38;2;15;26;23;48;2;18;29;25m▌[0m[38;2;18;29;25;48;2;23;36;29m▍[0m[38;2;23;34;27;48;2;17;28;20m▍[0m[38;2;17;29;19;48;2;18;29;21m┄[0m[38;2;24;32;24;48;2;23;30;22m▄[0m[38;2;23;31;22;48;2;24;31;23m┮[0m[38;2;28;35;27;48;2;25;32;24m┣[0m[38;2;26;38;26;48;2;25;33;22m┙[0m
[0m[38;2;125;115;116;48;2;41;48;43m▅[0m[38;2;134;125;130;48;2;25;36;28m▅[0m[38;2;129;122;129;48;2;68;57;64m▃[0m[38;2;120;110;113;48;2;65;57;60m▁[0m[38;2;108;86;93;48;2;68;51;61m▆[0m[38;2;87;69;73;48;2;107;87;89m▂[0m[38;2;74;58;60;48;2;105;86;88m▃[0m[38;2;70;54;61;48;2;89;71;76m▅[0m[38;2;53;36;44;48;2;77;59;65m▅[0m[38;2;53;38;46;48;2;76;55;62m▅[0m[38;2;46;34;41;48;2;69;60;65m▄[0m[38;2;56;43;53;48;2;51;38;48m╿[0m[38;2;38;34;38;48;2;47;38;46m╼[0m[38;2;48;38;43;48;2;45;30;38m▄[0m[38;2;90;79;87;48;2;46;33;40m▗[0m[38;2;112;114;110;48;2;68;62;59m▗[0m[38;2;172;174;167;48;2;87;94;86m▅[0m[38;2;102;103;95;48;2;123;136;124m╹[0m[38;2;107;122;113;48;2;125;147;135m▄[0m[38;2;120;141;130;48;2;115;130;120m▆[0m[38;2;112;126;113;48;2;52;54;52m▌[0m[38;2;46;41;42;48;2;54;49;48m▄[0m[38;2;54;45;46;48;2;72;60;64m─[0m[38;2;52;50;45;48;2;71;64;62m▆[0m[38;2;51;41;30;48;2;77;64;65m▆[0m[38;2;45;47;40;48;2;57;49;44m▃[0m[38;2;70;68;57;48;2;57;60;45m┙[0m[38;2;58;76;29;48;2;58;64;37m▘[0m[38;2;43;50;37;48;2;50;63;36m▂[0m[38;2;39;34;32;48;2;49;56;36m▗[0m[38;2;28;26;27;48;2;53;60;43m▄[0m[38;2;33;32;23;48;2;40;51;36m▖[0m[38;2;49;53;39;48;2;30;43;27m▆[0m[38;2;33;41;25;48;2;39;47;32m▁[0m[38;2;32;34;18;48;2;40;50;29m╆[0m[38;2;73;76;36;48;2;47;51;25m┖[0m[38;2;37;42;34;48;2;26;33;20m┷[0m[38;2;24;35;28;48;2;22;32;24m┓[0m[38;2;32;33;27;48;2;24;31;23m▂[0m[38;2;24;23;15;48;2;25;27;22m▃[0m[38;2;24;28;24;48;2;15;26;19m▆[0m[38;2;29;29;27;48;2;18;28;20m▖[0m[38;2;17;29;19;48;2;22;35;26m▌[0m[38;2;27;32;25;48;2;21;28;21m▗[0m[38;2;22;27;20;48;2;26;31;24m▘[0m[38;2;20;30;21;48;2;24;31;23m▗[0m[38;2;21;28;20;48;2;24;31;23m▖[0m[38;2;30;37;29;48;2;27;34;26m▃[0m[38;2;23;30;24;48;2;30;38;25m▘[0m
[0m[38;2;99;93;105;48;2;72;67;74m▆[0m[38;2;82;74;92;48;2;136;127;131m▅[0m[38;2;72;62;69;48;2;127;116;120m▃[0m[38;2;82;65;71;48;2;134;123;128m▄[0m[38;2;86;72;77;48;2;79;65;68m▄[0m[38;2;139;129;129;48;2;88;74;79m╼[0m[38;2;145;133;137;48;2;100;85;90m━[0m[38;2;94;82;83;48;2;136;125;129m▂[0m[38;2;132;127;131;48;2;94;86;91m▇[0m[38;2;172;183;177;48;2;129;125;129m▂[0m[38;2;186;194;189;48;2;67;68;66m▂[0m[38;2;162;179;170;48;2;74;60;67m▄[0m[38;2;162;179;166;48;2;58;45;54m▃[0m[38;2;147;158;151;48;2;60;41;49m▃[0m[38;2;133;130;130;48;2;54;41;47m▂[0m[38;2;117;115;117;48;2;81;82;80m▚[0m[38;2;185;195;189;48;2;129;138;135m─[0m[38;2;168;179;168;48;2;125;136;125m▃[0m[38;2;163;176;166;48;2;119;132;123m▖[0m[38;2;192;170;158;48;2;110;124;116m▅[0m[38;2;48;33;30;48;2;115;100;96m▗[0m[38;2;47;35;30;48;2;104;94;89m▅[0m[38;2;51;34;27;48;2;86;70;63m▅[0m[38;2;49;32;25;48;2;88;78;68m▅[0m[38;2;51;33;29;48;2;74;66;61m▄[0m[38;2;52;38;35;48;2;60;53;49m▅[0m[38;2;60;44;48;48;2;94;81;69m▄[0m[38;2;57;42;44;48;2;92;83;77m▆[0m[38;2;50;47;40;48;2;54;43;39m▁[0m[38;2;48;42;39;48;2;42;38;36m▋[0m[38;2;41;48;40;48;2;35;34;32m▝[0m[38;2;31;33;25;48;2;55;59;36m▅[0m[38;2;31;32;26;48;2;45;46;32m▆[0m[38;2;35;41;28;48;2;36;41;34m▉[0m[38;2;56;57;15;48;2;38;41;29m▝[0m[38;2;29;32;23;48;2;32;36;14m▆[0m[38;2;25;28;21;48;2;27;30;19m╊[0m[38;2;23;28;22;48;2;28;31;24m┳[0m[38;2;21;25;19;48;2;28;29;24m┏[0m[38;2;26;26;20;48;2;21;19;14m▃[0m[38;2;26;28;23;48;2;24;31;24m▌[0m[38;2;25;31;24;48;2;21;31;23m▗[0m[38;2;20;28;20;48;2;25;30;23m▝[0m[38;2;23;28;21;48;2;26;31;24m▍[0m[38;2;23;28;21;48;2;26;32;25m [0m[38;2;24;31;23;48;2;21;29;21m▄[0m[38;2;26;33;25;48;2;21;28;21m▄[0m[38;2;22;32;24;48;2;31;38;30m▆[0m[38;2;23;35;25;48;2;26;37;24m▄[0m
[0m[38;2;39;33;46;48;2;79;72;79m▃[0m[38;2;37;35;34;48;2;72;58;60m▂[0m[38;2;78;72;78;48;2;56;50;57m┓[0m[38;2;44;36;43;48;2;67;57;66m━[0m[38;2;69;53;59;48;2;54;43;49m▂[0m[38;2;45;41;42;48;2;84;67;73m▅[0m[38;2;44;39;45;48;2;81;61;66m▂[0m[38;2;61;49;59;48;2;88;69;74m▁[0m[38;2;89;70;74;48;2;80;66;66m▆[0m[38;2;56;54;53;48;2;86;67;67m┗[0m[38;2;53;49;42;48;2;57;73;60m▄[0m[38;2;83;100;80;48;2;55;57;55m▝[0m[38;2;57;75;60;48;2;85;102;83m▄[0m[38;2;80;92;76;48;2;159;172;163m▆[0m[38;2;60;79;73;48;2;88;103;94m▅[0m[38;2;83;94;91;48;2;104;114;110m▌[0m[38;2;104;109;100;48;2;117;130;121m▃[0m[38;2;109;119;114;48;2;168;181;172m▅[0m[38;2;82;97;95;48;2;172;174;167m▂[0m[38;2;77;66;66;48;2;139;155;148m▝[0m[38;2;157;163;156;48;2;48;36;35m▄[0m[38;2;117;129;119;48;2;50;35;31m▄[0m[38;2;110;127;117;48;2;54;40;45m▂[0m[38;2;84;95;87;48;2;53;39;41m▄[0m[38;2;101;111;103;48;2;52;38;37m▄[0m[38;2;181;190;182;48;2;54;38;37m▃[0m[38;2;184;192;183;48;2;57;43;42m▃[0m[38;2;145;153;145;48;2;51;45;37m▂[0m[38;2;160;165;157;48;2;58;47;45m▁[0m[38;2;60;51;53;48;2;44;42;38m▅[0m[38;2;54;44;45;48;2;36;39;36m▄[0m[38;2;49;48;44;48;2;34;39;34m┰[0m[38;2;36;49;40;48;2;33;38;36m┳[0m[38;2;51;54;49;48;2;30;45;35m▁[0m[38;2;24;33;24;48;2;30;35;28m┙[0m[38;2;36;34;28;48;2;26;29;22m▂[0m[38;2;34;35;29;48;2;26;29;22m▃[0m[38;2;38;39;32;48;2;23;30;23m▂[0m[38;2;35;36;31;48;2;23;28;22m▁[0m[38;2;38;34;30;48;2;29;27;22m▃[0m[38;2;38;39;33;48;2;29;28;24m┎[0m[38;2;22;31;20;48;2;25;30;23m▚[0m[38;2;24;31;21;48;2;25;32;24m▊[0m[38;2;27;35;26;48;2;24;29;22m▍[0m[38;2;27;32;25;48;2;23;28;21m╱[0m[38;2;27;32;25;48;2;23;29;22m╱[0m[38;2;27;36;27;48;2;25;30;23m╾[0m[38;2;22;27;20;48;2;24;31;23m┳[0m[38;2;23;32;23;48;2;25;35;26m▍[0m
[0m[38;2;33;30;39;48;2;28;22;31m▃[0m[38;2;30;28;29;48;2;27;25;26m╱[0m[38;2;40;35;44;48;2;30;25;28m▝[0m[38;2;53;47;57;48;2;29;24;27m▘[0m[38;2;26;21;21;48;2;72;48;54m▅[0m[38;2;90;69;71;48;2;47;38;40m━[0m[38;2;46;35;34;48;2;66;53;52m▚[0m[38;2;39;28;27;48;2;55;45;52m▄[0m[38;2;47;38;39;48;2;55;48;48m▃[0m[38;2;52;42;46;48;2;82;70;69m▆[0m[38;2;45;39;38;48;2;58;50;52m▂[0m[38;2;64;57;55;48;2;55;49;51m┶[0m[38;2;64;54;59;48;2;56;69;60m▃[0m[38;2;49;46;46;48;2;49;69;59m▃[0m[38;2;50;47;42;48;2;56;71;67m▃[0m[38;2;52;48;50;48;2;61;78;69m▃[0m[38;2;72;92;81;48;2;59;75;64m▘[0m[38;2;55;75;60;48;2;71;85;78m▅[0m[38;2;47;66;56;48;2;81;100;80m▆[0m[38;2;48;52;44;48;2;79;93;86m▅[0m[38;2;56;46;45;48;2;72;88;82m▃[0m[38;2;75;95;89;48;2;55;72;70m╼[0m[38;2;54;69;63;48;2;109;128;122m▆[0m[38;2;61;70;65;48;2;88;100;90m▄[0m[38;2;56;75;52;48;2;117;134;124m▄[0m[38;2;102;122;111;48;2;74;87;78m▘[0m[38;2;59;76;75;48;2;117;131;120m▆[0m[38;2;52;64;61;48;2;180;187;180m▆[0m[38;2;46;60;45;48;2;119;130;117m▅[0m[38;2;41;57;60;48;2;112;122;113m▆[0m[38;2;91;101;92;48;2;53;64;55m╸[0m[38;2;44;56;46;48;2;45;37;35m▃[0m[38;2;41;53;45;48;2;40;45;38m▃[0m[38;2;168;146;132;48;2;32;33;28m▂[0m[38;2;191;162;139;48;2;33;33;27m▄[0m[38;2;172;158;126;48;2;35;41;33m▅[0m[38;2;115;102;75;48;2;32;40;29m▆[0m[38;2;115;112;83;48;2;39;38;34m▆[0m[38;2;97;96;69;48;2;35;40;34m▅[0m[38;2;103;95;64;48;2;36;36;30m▆[0m[38;2;104;100;84;48;2;30;32;28m▖[0m[38;2;19;29;21;48;2;21;32;24m╾[0m[38;2;20;30;22;48;2;27;31;25m▍[0m[38;2;25;28;21;48;2;24;26;20m▏[0m[38;2;23;25;20;48;2;24;25;20m┊[0m[38;2;25;26;21;48;2;24;25;20m│[0m[38;2;22;24;19;48;2;27;30;23m▆[0m[38;2;22;24;19;48;2;22;28;21m [0m[38;2;33;44;30;48;2;26;34;26m╏[0m
[0m[38;2;29;23;18;48;2;36;32;35m▅[0m[38;2;32;24;19;48;2;36;27;32m▁[0m[38;2;40;32;30;48;2;29;25;26m▂[0m[38;2;33;24;24;48;2;27;23;24m▂[0m[38;2;22;20;25;48;2;26;22;24m┭[0m[38;2;25;21;24;48;2;27;22;21m▇[0m[38;2;50;42;31;48;2;27;24;25m┕[0m[38;2;35;21;16;48;2;68;50;43m▂[0m[38;2;68;48;47;48;2;34;22;23m▆[0m[38;2;169;148;127;48;2;38;29;26m▃[0m[38;2;177;160;136;48;2;35;26;29m▃[0m[38;2;179;158;140;48;2;44;29;25m▅[0m[38;2;180;157;139;48;2;127;107;99m▖[0m[38;2;166;142;125;48;2;47;36;37m▇[0m[38;2;198;174;148;48;2;148;134;105m━[0m[38;2;189;169;149;48;2;144;138;101m┷[0m[38;2;193;161;140;48;2;59;46;47m▆[0m[38;2;191;165;142;48;2;56;44;45m▅[0m[38;2;195;163;149;48;2;61;46;45m▄[0m[38;2;76;66;60;48;2;44;42;37m▃[0m[38;2;46;61;58;48;2;50;56;55m▄[0m[38;2;73;84;88;48;2;45;57;61m▂[0m[38;2;169;181;176;48;2;51;60;67m▆[0m[38;2;186;185;178;48;2;92;108;114m▍[0m[38;2;94;108;114;48;2;45;55;68m▃[0m[38;2;67;80;88;48;2;46;71;47m▃[0m[38;2;29;48;54;48;2;63;83;83m▆[0m[38;2;18;37;43;48;2;36;63;72m▄[0m[38;2;31;48;63;48;2;37;56;68m▝[0m[38;2;29;43;52;48;2;31;47;55m┱[0m[38;2;31;44;51;48;2;43;60;53m▆[0m[38;2;38;51;58;48;2;45;60;41m▄[0m[38;2;79;82;83;48;2;46;58;45m▃[0m[38;2;47;59;51;48;2;107;106;84m▚[0m[38;2;38;50;36;48;2;96;91;64m▂[0m[38;2;87;86;66;48;2;138;126;91m▃[0m[38;2;60;65;51;48;2;115;107;74m▂[0m[38;2;57;72;60;48;2;119;114;84m▅[0m[38;2;54;67;47;48;2;113;106;68m▃[0m[38;2;50;62;44;48;2;103;98;67m▄[0m[38;2;48;54;34;48;2;110;109;87m▆[0m[38;2;24;36;32;48;2;50;55;40m▆[0m[38;2;23;34;26;48;2;36;44;39m▌[0m[38;2;33;38;32;48;2;26;27;22m▃[0m[38;2;21;26;20;48;2;25;26;21m▃[0m[38;2;25;26;21;48;2;24;25;20m▏[0m[38;2;24;26;21;48;2;23;25;20m▊[0m[38;2;22;24;19;48;2;23;27;21m▄[0m[38;2;23;28;21;48;2;35;43;30m▄[0m
[0m[38;2;106;85;68;48;2;36;27;25m▄[0m[38;2;104;103;86;48;2;32;21;16m▄[0m[38;2;89;101;76;48;2;29;16;13m▄[0m[38;2;84;91;54;48;2;30;21;15m▄[0m[38;2;108;108;60;48;2;29;20;12m▖[0m[38;2;27;18;16;48;2;31;23;21m╾[0m[38;2;34;25;23;48;2;63;59;55m▇[0m[38;2;168;154;128;48;2;37;29;24m╼[0m[38;2;164;145;120;48;2;72;53;46m▅[0m[38;2;182;154;140;48;2;164;146;126m▋[0m[38;2;133;114;98;48;2;173;156;130m▄[0m[38;2;141;126;99;48;2;173;153;128m▄[0m[38;2;138;122;88;48;2;144;131;97m▅[0m[38;2;119;103;91;48;2;146;131;95m▁[0m[38;2;143;131;88;48;2;134;115;92m▍[0m[38;2;126;110;98;48;2;140;120;95m▂[0m[38;2;81;61;57;48;2;140;125;106m▂[0m[38;2;30;15;10;48;2;181;159;137m▄[0m[38;2;28;19;15;48;2;196;169;148m▄[0m[38;2;138;114;97;48;2;84;80;68m▘[0m[38;2;176;192;188;48;2;122;127;127m▗[0m[38;2;165;176;174;48;2;63;73;72m▂[0m[38;2;81;87;93;48;2;145;151;149m▅[0m[38;2;107;117;124;48;2;81;101;115m▘[0m[38;2;140;157;164;48;2;104;119;126m▗[0m[38;2;109;119;127;48;2;96;106;115m└[0m[38;2;78;88;95;48;2;52;65;76m▖[0m[38;2;59;76;83;48;2;31;49;59m▖[0m[38;2;55;66;77;48;2;33;41;54m▄[0m[38;2;47;64;82;48;2;21;40;48m▖[0m[38;2;29;51;61;48;2;34;46;53m▖[0m[38;2;53;60;72;48;2;33;46;54m▁[0m[38;2;46;50;61;48;2;103;106;123m▊[0m[38;2;73;69;94;48;2;142;154;149m▖[0m[38;2;151;166;162;48;2;41;47;43m▖[0m[38;2;33;45;34;48;2;47;53;43m▍[0m[38;2;102;95;66;48;2;42;48;46m▂[0m[38;2;106;97;66;48;2;40;38;21m▂[0m[38;2;84;80;61;48;2;32;33;28m▂[0m[38;2;24;26;23;48;2;37;41;38m╸[0m[38;2;24;29;26;48;2;40;49;37m▄[0m[38;2;39;34;23;48;2;43;51;43m┡[0m[38;2;27;28;25;48;2;30;40;32m▃[0m[38;2;28;28;24;48;2;39;49;40m▃[0m[38;2;45;51;44;48;2;26;27;22m┻[0m[38;2;25;26;21;48;2;22;24;19m▇[0m[38;2;24;25;20;48;2;25;27;22m▄[0m[38;2;29;30;25;48;2;23;24;19m━[0m[38;2;25;26;21;48;2;29;32;27m▅[0m
[0m[38;2;75;68;55;48;2;109;96;57m▁[0m[38;2;88;80;52;48;2;124;102;52m▖[0m[38;2;108;95;67;48;2;98;98;68m╻[0m[38;2;71;64;46;48;2;92;98;70m▝[0m[38;2;87;71;54;48;2;104;92;60m▝[0m[38;2;116;96;65;48;2;65;46;31m▖[0m[38;2;23;14;9;48;2;29;28;26m▚[0m[38;2;22;12;10;48;2;25;22;20m▁[0m[38;2;37;30;29;48;2;23;17;17m╹[0m[38;2;27;22;19;48;2;85;64;57m▆[0m[38;2;40;25;29;48;2;103;83;70m▇[0m[38;2;68;45;53;48;2;32;25;24m▃[0m[38;2;27;19;20;48;2;87;69;58m▇[0m[38;2;31;21;22;48;2;109;92;75m▅[0m[38;2;57;38;35;48;2;124;102;83m▆[0m[38;2;108;75;69;48;2;45;33;29m▄[0m[38;2;114;87;83;48;2;36;24;19m▄[0m[38;2;72;53;55;48;2;25;13;13m▃[0m[38;2;63;45;54;48;2;23;14;10m▂[0m[38;2;30;24;19;48;2;81;95;109m▌[0m[38;2;120;135;143;48;2;164;188;186m▌[0m[38;2;145;148;145;48;2;191;202;199m▁[0m[38;2;195;207;203;48;2;188;200;196m▆[0m[38;2;88;109;114;48;2;188;199;203m▝[0m[38;2;188;201;202;48;2;105;112;114m▃[0m[38;2;151;162;171;48;2;93;102;111m▋[0m[38;2;174;181;179;48;2;79;79;85m▄[0m[38;2;45;50;53;48;2;57;61;68m┳[0m[38;2;87;97;112;48;2;67;80;89m╱[0m[38;2;85;86;98;48;2;36;54;72m▅[0m[38;2;67;83;98;48;2;38;61;70m▃[0m[38;2;37;49;60;48;2;47;63;82m╲[0m[38;2;56;51;55;48;2;41;34;45m▎[0m[38;2;44;43;48;48;2;76;74;86m▌[0m[38;2;100;103;112;48;2;176;181;183m▄[0m[38;2;44;39;38;48;2;113;113;112m▝[0m[38;2;53;42;40;48;2;126;111;99m▆[0m[38;2;47;36;24;48;2;119;109;80m▆[0m[38;2;28;23;19;48;2;104;104;73m▂[0m[38;2;62;57;44;48;2;107;107;74m▂[0m[38;2;87;90;59;48;2;98;98;71m╺[0m[38;2;96;99;77;48;2;56;51;46m▆[0m[38;2;112;108;78;48;2;26;25;24m▅[0m[38;2;87;87;53;48;2;25;26;21m▄[0m[38;2;60;62;48;48;2;25;25;20m▄[0m[38;2;30;31;26;48;2;25;26;21m╸[0m[38;2;25;28;21;48;2;24;25;20m▗[0m[38;2;37;32;29;48;2;30;29;24m┯[0m[38;2;34;28;25;48;2;25;26;21m▃[0m
[0m[38;2;44;42;53;48;2;56;52;59m▋[0m[38;2;100;84;69;48;2;47;42;42m▝[0m[38;2;81;64;54;48;2;96;80;63m▄[0m[38;2;105;83;60;48;2;114;97;67m▃[0m[38;2;102;83;63;48;2;106;101;69m┱[0m[38;2;117;112;77;48;2;107;88;64m▆[0m[38;2;137;117;73;48;2;101;82;55m▄[0m[38;2;122;102;59;48;2;25;20;16m▖[0m[38;2;34;26;23;48;2;21;16;12m┅[0m[38;2;28;23;20;48;2;18;13;9m┓[0m[38;2;79;61;51;48;2;27;16;10m▝[0m[38;2;32;13;8;48;2;58;45;45m▍[0m[38;2;105;79;76;48;2;61;43;44m▄[0m[38;2;104;89;83;48;2;43;27;27m▇[0m[38;2;46;34;38;48;2;130;115;107m▁[0m[38;2;36;32;33;48;2;136;118;114m▂[0m[38;2;33;29;33;48;2;138;123;117m▃[0m[38;2;32;32;31;48;2;129;104;103m▃[0m[38;2;55;50;48;48;2;122;109;109m▃[0m[38;2;113;92;93;48;2;126;120;126m▃[0m[38;2;165;176;178;48;2;135;142;144m▝[0m[38;2;97;112;120;48;2;147;153;154m┘[0m[38;2;173;184;184;48;2;199;207;203m▆[0m[38;2;183;195;199;48;2;150;158;164m╏[0m[38;2;139;150;154;48;2;194;206;203m▎[0m[38;2;196;210;210;48;2;181;195;196m▅[0m[38;2;176;188;184;48;2;191;213;205m▗[0m[38;2;193;202;199;48;2;102;109;109m▌[0m[38;2;105;116;122;48;2;73;90;106m╲[0m[38;2;104;112;118;48;2;94;100;104m▂[0m[38;2;56;76;86;48;2;92;92;100m▝[0m[38;2;104;123;125;48;2;71;90;95m▃[0m[38;2;39;29;33;48;2;80;84;89m▝[0m[38;2;111;116;128;48;2;43;47;59m▗[0m[38;2;35;39;51;48;2;62;59;66m╋[0m[38;2;70;77;84;48;2;102;110;115m╱[0m[38;2;165;174;176;48;2;58;59;58m▁[0m[38;2;129;136;131;48;2;26;20;17m▂[0m[38;2;36;28;25;48;2;25;14;13m▂[0m[38;2;24;16;13;48;2;19;16;12m▃[0m[38;2;21;16;12;48;2;69;65;54m▆[0m[38;2;21;16;12;48;2;92;87;72m▆[0m[38;2;25;27;16;48;2;104;98;75m▄[0m[38;2;28;26;17;48;2;106;106;82m▄[0m[38;2;95;95;73;48;2;58;52;38m▘[0m[38;2;69;70;58;48;2;28;29;24m▄[0m[38;2;33;31;23;48;2;23;24;19m▄[0m[38;2;37;37;15;48;2;24;26;23m▁[0m[38;2;37;29;27;48;2;28;28;23m┚[0m
[0m[38;2;32;25;23;48;2;56;53;65m▆[0m[38;2;24;12;9;48;2;34;27;28m▆[0m[38;2;25;11;6;48;2;66;56;48m▄[0m[38;2;43;27;14;48;2;104;88;70m▃[0m[38;2;111;93;74;48;2;85;77;62m▘[0m[38;2;99;77;62;48;2;118;105;79m▂[0m[38;2;108;84;57;48;2;131;123;76m▄[0m[38;2;50;37;14;48;2;108;85;56m▝[0m[38;2;68;45;25;48;2;25;22;15m▖[0m[38;2;22;8;6;48;2;22;19;13m▖[0m[38;2;20;11;8;48;2;22;13;10m┉[0m[38;2;26;16;16;48;2;42;30;25m▆[0m[38;2;28;18;17;48;2;58;42;41m▇[0m[38;2;30;18;17;48;2;38;34;33m▖[0m[38;2;33;30;25;48;2;35;31;31m╻[0m[38;2;43;39;38;48;2;34;31;27m╍[0m[38;2;27;22;19;48;2;35;30;32m▄[0m[38;2;33;29;28;48;2;30;26;25m▘[0m[38;2;30;25;24;48;2;35;31;30m▅[0m[38;2;31;26;23;48;2;32;31;31m▃[0m[38;2;57;42;36;48;2;93;83;79m▆[0m[38;2;82;57;63;48;2;139;130;128m▅[0m[38;2;92;67;67;48;2;152;153;153m▄[0m[38;2;111;120;114;48;2;148;156;148m▍[0m[38;2;173;172;171;48;2;136;144;145m▅[0m[38;2;194;209;202;48;2;171;178;174m▝[0m[38;2;173;188;185;48;2;182;199;197m╼[0m[38;2;193;204;201;48;2;96;101;100m▄[0m[38;2;196;206;207;48;2;95;112;120m▄[0m[38;2;171;176;172;48;2;121;128;132m▆[0m[38;2;194;203;197;48;2;95;98;102m▆[0m[38;2;191;203;200;48;2;98;117;131m▄[0m[38;2;194;209;204;48;2;90;93;102m▃[0m[38;2;104;119;126;48;2;43;57;64m▖[0m[38;2;82;93;99;48;2;172;191;187m▌[0m[38;2;124;149;155;48;2;180;200;199m▄[0m[38;2;149;162;155;48;2;197;211;211m▅[0m[38;2;106;109;103;48;2;191;195;181m▅[0m[38;2;147;148;145;48;2;78;78;76m▂[0m[38;2;192;190;175;48;2;29;22;17m▄[0m[38;2;151;144;117;48;2;22;17;13m▆[0m[38;2;138;134;102;48;2;29;23;18m▅[0m[38;2;62;43;42;48;2;125;121;82m▁[0m[38;2;82;65;58;48;2;136;132;98m▂[0m[38;2;108;90;86;48;2;145;139;105m▂[0m[38;2;125;109;84;48;2;142;130;106m┹[0m[38;2;34;21;7;48;2;141;123;119m▁[0m[38;2;71;60;50;48;2;134;129;91m▂[0m[38;2;45;41;39;48;2;104;94;81m▂[0m
[0m[38;2;21;6;2;48;2;18;17;19m▝[0m[38;2;22;17;16;48;2;25;6;2m▄[0m[38;2;22;11;8;48;2;22;5;1m▆[0m[38;2;23;13;13;48;2;22;7;5m╱[0m[38;2;100;71;51;48;2;30;12;6m▝[0m[38;2;94;68;54;48;2;90;64;47m╌[0m[38;2;50;46;44;48;2;107;80;55m▂[0m[38;2;63;40;33;48;2;100;73;49m▂[0m[38;2;110;85;61;48;2;101;74;51m▄[0m[38;2;88;63;51;48;2;42;24;20m▆[0m[38;2;114;91;62;48;2;28;19;17m▄[0m[38;2;101;79;59;48;2;19;11;9m▃[0m[38;2;92;68;59;48;2;18;11;4m▃[0m[38;2;72;48;40;48;2;25;19;10m▂[0m[38;2;31;23;20;48;2;26;21;17m┖[0m[38;2;22;16;16;48;2;23;17;17m▗[0m[38;2;23;18;14;48;2;24;19;16m┾[0m[38;2;26;19;13;48;2;27;20;15m╼[0m[38;2;23;16;13;48;2;28;20;17m▅[0m[38;2;25;17;14;48;2;27;19;17m▆[0m[38;2;24;16;13;48;2;36;25;20m▇[0m[38;2;27;15;13;48;2;42;24;22m▇[0m[38;2;109;95;65;48;2;33;21;21m▁[0m[38;2;159;143;120;48;2;68;65;60m▁[0m[38;2;97;99;85;48;2;216;220;202m▆[0m[38;2;97;103;109;48;2;191;193;188m▄[0m[38;2;88;90;91;48;2;198;201;189m▃[0m[38;2;92;94;85;48;2;159;169;171m▂[0m[38;2;82;81;79;48;2;194;200;191m▖[0m[38;2;111;124;126;48;2;169;183;171m▝[0m[38;2;122;133;135;48;2;153;159;160m▋[0m[38;2;132;150;149;48;2;176;183;177m▘[0m[38;2;153;161;166;48;2;197;208;201m▂[0m[38;2;215;216;206;48;2;127;142;146m╾[0m[38;2;74;95;108;48;2;172;178;174m▁[0m[38;2;44;58;71;48;2;142;166;167m▂[0m[38;2;65;76;82;48;2;136;153;161m▂[0m[38;2;63;77;85;48;2;153;165;166m▄[0m[38;2;87;98;93;48;2;159;168;164m▄[0m[38;2;43;53;54;48;2;138;154;150m▄[0m[38;2;42;45;46;48;2;120;132;130m▄[0m[38;2;46;57;56;48;2;80;98;103m▃[0m[38;2;42;49;50;48;2;71;87;101m▃[0m[38;2;53;67;72;48;2;45;35;39m▆[0m[38;2;38;48;46;48;2;70;84;86m▄[0m[38;2;84;95;105;48;2;64;68;52m━[0m[38;2;71;86;76;48;2;31;31;27m▅[0m[38;2;77;96;104;48;2;21;30;35m▄[0m[38;2;67;87;107;48;2;41;34;35m▖[0m
[0m[38;2;12;11;17;48;2;15;14;19m▗[0m[38;2;15;14;19;48;2;11;10;15m▍[0m[38;2;17;12;12;48;2;19;9;5m▌[0m[38;2;20;12;5;48;2;21;12;5m┈[0m[38;2;19;12;5;48;2;20;14;5m╾[0m[38;2;36;28;29;48;2;24;20;17m┖[0m[38;2;48;38;34;48;2;19;12;14m▘[0m[38;2;21;15;18;48;2;14;12;24m▂[0m[38;2;18;16;21;48;2;100;93;82m▆[0m[38;2;112;105;89;48;2;50;48;36m▝[0m[38;2;77;79;49;48;2;117;100;72m▃[0m[38;2;93;105;74;48;2;107;109;65m▊[0m[38;2;112;109;58;48;2;111;114;64m━[0m[38;2;122;97;67;48;2;102;76;54m▅[0m[38;2;120;90;63;48;2;82;56;51m▅[0m[38;2;81;52;44;48;2;30;20;12m▅[0m[38;2;122;105;89;48;2;25;17;14m▁[0m[38;2;106;92;74;48;2;26;26;18m▅[0m[38;2;114;96;77;48;2;27;19;16m▅[0m[38;2;131;113;94;48;2;28;20;16m▅[0m[38;2;152;133;100;48;2;28;20;11m▆[0m[38;2;131;118;95;48;2;150;132;112m┏[0m[38;2;45;38;32;48;2;121;117;111m▂[0m[38;2;42;35;36;48;2;112;128;122m▃[0m[38;2;19;15;15;48;2;70;102;122m▂[0m[38;2;25;21;20;48;2;70;87;104m▃[0m[38;2;32;28;26;48;2;73;96;116m▃[0m[38;2;60;62;57;48;2;119;129;138m▄[0m[38;2;108;117;112;48;2;83;85;83m▆[0m[38;2;183;186;179;48;2;98;105;101m━[0m[38;2;84;100;99;48;2;156;163;166m▄[0m[38;2;106;118;115;48;2;153;164;162m▗[0m[38;2;73;86;83;48;2;124;145;148m▖[0m[38;2;113;138;143;48;2;101;120;124m╲[0m[38;2;82;109;119;48;2;58;76;82m▋[0m[38;2;49;59;58;48;2;64;92;116m▅[0m[38;2;51;60;59;48;2;77;88;92m▆[0m[38;2;46;62;58;48;2;58;71;78m▃[0m[38;2;53;73;85;48;2;51;70;74m┫[0m[38;2;55;73;60;48;2;45;55;54m▆[0m[38;2;88;93;70;48;2;50;63;56m▃[0m[38;2;116;105;87;48;2;58;69;59m▃[0m[38;2;105;97;67;48;2;65;67;57m▄[0m[38;2;91;96;41;48;2;61;71;67m▆[0m[38;2;128;116;94;48;2;98;93;63m━[0m[38;2;130;120;87;48;2;109;96;82m┷[0m[38;2;106;93;80;48;2;131;118;91m▄[0m[38;2;134;122;114;48;2;66;51;46m▍[0m[38;2;38;26;28;48;2;66;64;61m▄[0m
[0m[38;2;18;17;19;48;2;15;15;17m┅[0m[38;2;24;19;16;48;2;17;15;15m┌[0m[38;2;20;13;8;48;2;19;11;7m┮[0m[38;2;21;11;9;48;2;19;12;4m▅[0m[38;2;23;13;11;48;2;23;16;10m▄[0m[38;2;27;25;22;48;2;22;17;13m┚[0m[38;2;22;18;15;48;2;19;17;20m▊[0m[38;2;30;29;35;48;2;21;15;18m▅[0m[38;2;25;21;20;48;2;19;10;9m▄[0m[38;2;29;29;33;48;2;18;16;21m▄[0m[38;2;46;45;51;48;2;33;34;46m▝[0m[38;2;25;26;39;48;2;98;106;75m▄[0m[38;2;46;42;44;48;2;110;112;74m▂[0m[38;2;118;108;83;48;2;56;42;32m▌[0m[38;2;28;21;17;48;2;65;50;44m▗[0m[38;2;30;19;21;48;2;97;71;54m▃[0m[38;2;32;22;20;48;2;93;74;70m▃[0m[38;2;26;19;14;48;2;95;79;57m▃[0m[38;2;29;23;17;48;2;119;104;77m▃[0m[38;2;32;27;24;48;2;113;93;70m▃[0m[38;2;32;21;13;48;2;112;95;68m▅[0m[38;2;79;68;56;48;2;31;23;20m┛[0m[38;2;25;18;16;48;2;18;9;10m▍[0m[38;2;18;13;11;48;2;16;11;11m▍[0m[38;2;14;10;9;48;2;17;11;11m╺[0m[38;2;20;16;14;48;2;17;13;12m┊[0m[38;2;17;12;10;48;2;14;13;18m▄[0m[38;2;18;11;13;48;2;56;64;65m▃[0m[38;2;122;129;125;48;2;45;62;58m╼[0m[38;2;17;15;11;48;2;98;111;102m▁[0m[38;2;124;152;140;48;2;82;94;93m┏[0m[38;2;134;157;146;48;2;79;91;91m╉[0m[38;2;51;59;50;48;2;140;153;145m▘[0m[38;2;116;127;119;48;2;157;179;172m▉[0m[38;2;174;190;189;48;2;119;139;131m▆[0m[38;2;154;174;175;48;2;73;82;79m▅[0m[38;2;135;149;158;48;2;54;70;72m▅[0m[38;2;76;88;83;48;2;67;74;63m━[0m[38;2;135;125;96;48;2;74;84;77m▗[0m[38;2;134;124;96;48;2;140;129;113m▖[0m[38;2;137;125;92;48;2;152;147;119m▆[0m[38;2;92;91;74;48;2;140;128;107m▃[0m[38;2;55;65;70;48;2;110;102;81m▃[0m[38;2;65;77;93;48;2;58;56;35m▂[0m[38;2;66;65;73;48;2;40;32;29m▎[0m[38;2;23;18;18;48;2;45;31;31m▂[0m[38;2;38;24;23;48;2;23;15;12m▘[0m[38;2;24;20;17;48;2;90;74;71m▅[0m[38;2;25;20;17;48;2;40;28;28m▉[0m
[0m[38;2;29;27;30;48;2;17;13;18m▖[0m[38;2;15;16;21;48;2;17;15;19m▊[0m[38;2;12;9;17;48;2;22;16;14m▅[0m[38;2;24;21;26;48;2;18;12;5m▆[0m[38;2;30;30;36;48;2;23;14;9m▂[0m[38;2;26;14;12;48;2;22;11;7m▂[0m[38;2;23;13;11;48;2;26;18;18m╴[0m[38;2;27;19;22;48;2;23;17;18m▄[0m[38;2;21;16;12;48;2;23;18;15m┮[0m[38;2;27;22;19;48;2;23;18;14m▃[0m[38;2;29;23;21;48;2;21;19;19m▄[0m[38;2;25;21;26;48;2;26;25;30m▆[0m[38;2;27;21;23;48;2;33;32;37m┹[0m[38;2;47;45;46;48;2;33;25;24m▁[0m[38;2;46;34;33;48;2;24;18;15m▁[0m[38;2;32;17;14;48;2;31;24;18m▄[0m[38;2;35;25;24;48;2;24;16;13m▄[0m[38;2;37;22;14;48;2;25;22;15m▄[0m[38;2;43;23;22;48;2;27;16;14m▗[0m[38;2;33;28;29;48;2;25;24;19m▅[0m[38;2;26;21;20;48;2;35;29;29m┮[0m[38;2;38;29;27;48;2;26;20;17m▃[0m[38;2;61;58;53;48;2;17;13;14m▁[0m[38;2;35;31;28;48;2;18;12;13m▃[0m[38;2;30;27;20;48;2;17;13;12m▄[0m[38;2;30;25;21;48;2;19;15;14m▅[0m[38;2;28;28;17;48;2;19;13;13m▄[0m[38;2;68;47;33;48;2;15;14;12m▂[0m[38;2;60;49;41;48;2;16;12;13m▃[0m[38;2;39;34;31;48;2;20;19;15m▃[0m[38;2;38;32;32;48;2;17;16;14m▂[0m[38;2;149;162;162;48;2;21;18;16m▁[0m[38;2;101;116;112;48;2;25;23;20m▃[0m[38;2;123;124;126;48;2;54;54;53m▃[0m[38;2;84;97;92;48;2;143;167;170m▘[0m[38;2;112;124;130;48;2;171;190;188m▆[0m[38;2;51;49;54;48;2;119;138;138m━[0m[38;2;148;163;166;48;2;72;93;94m▚[0m[38;2;111;123;121;48;2;102;98;76m▆[0m[38;2;32;32;42;48;2;126;114;84m▅[0m[38;2;29;32;37;48;2;109;88;73m▅[0m[38;2;28;29;32;48;2;71;68;67m▅[0m[38;2;27;30;42;48;2;48;52;61m┮[0m[38;2;36;37;43;48;2;40;49;62m▝[0m[38;2;45;57;77;48;2;31;37;44m▅[0m[38;2;53;61;77;48;2;30;30;35m▄[0m[38;2;27;28;37;48;2;19;18;15m▆[0m[38;2;39;44;57;48;2;31;33;29m▁[0m[38;2;37;36;43;48;2;30;24;19m▅[0m
